# filename: ./acpphint-MBP_M4MAX_Parallels-106496MiB-threads_14-LP64-FreeBSD_main_n275290_9ef38a01aea8_64bit-clang++_19_O3lto_CA76-libc++-DSIZE_ul-ISIZE_ul-using_2_threads_creation_untimed.txt
# acpphint_main version: 0.1.41

1.5749e-05 444473 7 976
1.5708e-05 572956 9 1184
1.5166e-05 725307 11 1392
1.5166e-05 857181 13 1600
1.4832e-05 1.01133e+06 15 1808
1.4957e-05 1.27031e+06 19 2224
1.5041e-05 1.52915e+06 23 2640
1.4375e-05 2.01276e+06 28.9334 3264
1.4624e-05 2.37818e+06 34.7785 3888
1.4916e-05 2.87065e+06 42.8186 4720
1.4958e-05 3.5354e+06 52.8825 5760
1.5333e-05 4.22709e+06 64.8139 7008
1.5083e-05 5.36011e+06 80.8465 8672
1.4583e-05 6.90631e+06 100.715 10752
1.5208e-05 8.35087e+06 127 13456
1.4916e-05 1.06597e+07 159 16784
1.5083e-05 1.31637e+07 198.548 20944
1.4916e-05 1.66713e+07 248.668 26144
1.5416e-05 2.02627e+07 312.369 32800
1.4999e-05 2.61596e+07 392.369 41120
1.6e-05 3.08867e+07 494.187 51728
1.6457e-05 3.77579e+07 621.382 65040
1.6708e-05 4.68012e+07 781.955 81680
1.7333e-05 5.67239e+07 983.196 102688
1.7958e-05 6.87779e+07 1235.11 129104
1.8583e-05 8.38067e+07 1557.38 162384
2.0416e-05 9.58637e+07 1957.15 204192
2.2333e-05 1.10172e+08 2460.47 257024
2.4124e-05 1.2869e+08 3104.51 323376
2.6665e-05 1.46374e+08 3903.07 406992
2.9374e-05 1.66978e+08 4904.82 512240
3.329e-05 1.86038e+08 6193.19 644736
3.6082e-05 2.15752e+08 7784.78 811552
4.2207e-05 2.31783e+08 9782.87 1021632
4.8081e-05 2.57015e+08 12357.5 1286000
5.5706e-05 2.78785e+08 15530 1618800
5.8164e-05 3.35454e+08 19511.4 2037712
0.000109495 2.25184e+08 24656.5 2565200
9.1496e-05 3.38616e+08 30982 3229344
0.000140661 2.76706e+08 38921.7 4065296
0.000207408 2.37225e+08 49202.3 5117776
0.000348152 1.77541e+08 61811.3 6442736
0.000418483 1.85534e+08 77642.6 8110688
0.000320362 3.06412e+08 98162.9 10210656
0.000396234 3.11235e+08 123322 12854336
0.000614933 2.51882e+08 154891 16182544
0.000794593 2.4643e+08 195811 20372496
0.000858049 2.86753e+08 246048 25647376
0.00104517 2.9564e+08 308992 32287984
0.0013274 2.94252e+08 390591 40647920
0.00174776 2.8087e+08 490894 51172512
0.00213008 2.89375e+08 616392 64422320
0.0027331 2.8506e+08 779097 81102672
0.00345815 2.83199e+08 979346 102102144
0.00429491 2.86277e+08 1.22953e+06 128538944
0.00536266 2.89765e+08 1.55391e+06 161820816
0.00684481 2.85415e+08 1.95361e+06 203720128
0.00854061 2.87128e+08 2.45225e+06 256468304
0.0107466 2.88346e+08 3.09874e+06 322874384
0.0133879 2.91027e+08 3.89624e+06 406474576
0.0167451 2.91998e+08 4.88954e+06 511721120
0.0209052 2.95488e+08 6.17721e+06 644218576
0.0260882 2.97725e+08 7.76712e+06 811022928
0.0326219 2.9869e+08 9.74384e+06 1021017232
0.0407403 3.02043e+08 1.23053e+07 1285384400
0.0508861 3.0401e+08 1.54699e+07 1618202912
0.063822 3.03904e+08 1.93958e+07 2037196656
0.0799473 3.0618e+08 2.44783e+07 2564678416
0.100543 3.05908e+08 3.0757e+07 3228738592
0.1261 3.05494e+08 3.85229e+07 4064740928
0.158219 3.06899e+08 4.85571e+07 5117205536
0.19879 3.06533e+08 6.09359e+07 6442179888
0.248753 3.06234e+08 7.61765e+07 8110223824
0.311983 3.07039e+08 9.57909e+07 10210166656
0.389393 3.07901e+08 1.19894e+08 12853838128
0.487546 3.06317e+08 1.49344e+08 16182023248
0.609073 3.06941e+08 1.8695e+08 20371960064
0.758442 3.06897e+08 2.32763e+08 25646778080
0.947218 3.0404e+08 2.87992e+08 32287380464
1.18128 3.02617e+08 3.57476e+08 40647403616
