# filename: ./acpphint-MBP_M4MAX_Parallels-106496MiB-threads_14-LP64-FreeBSD_main_n275290_9ef38a01aea8_64bit-clang++_19_O3lto_CA76-libc++-DSIZE_ull-ISIZE_ull-using_11_threads_creation_untimed.txt
# acpphint_main version: 0.1.41

0.000148161 290225 43 5368
0.000147411 366323 54 6512
0.000139203 466944 65 7656
0.000150828 503885 76 8800
0.000150661 577455 87 9944
0.000150161 725888 109 12232
0.000151494 864721 131 14520
0.000151911 1.07519e+06 163.333 17952
0.000161827 1.20362e+06 194.778 21384
0.000143744 1.66394e+06 239.182 25960
0.000153494 1.92062e+06 294.804 31680
0.000158743 2.26903e+06 360.193 38544
0.000147161 3.0477e+06 448.502 47696
0.000149661 3.72285e+06 557.165 59136
0.000147203 4.77572e+06 703 74008
0.000152369 5.76889e+06 879 92312
0.000149952 7.29927e+06 1094.54 115192
0.000148411 9.23531e+06 1370.62 143792
0.000149078 1.15337e+07 1719.42 180400
0.000146744 1.47182e+07 2159.81 226160
0.000162368 1.67444e+07 2718.75 284504
0.000152911 2.23278e+07 3414.17 357720
0.000152119 2.82724e+07 4300.76 449240
0.000147453 3.66471e+07 5403.73 564784
0.000157744 4.29728e+07 6778.7 710072
0.000156411 5.47478e+07 8563.15 893112
0.000150869 7.12614e+07 10751.1 1123056
0.000158118 8.53525e+07 13495.8 1413632
0.00016366 1.04293e+08 17068.6 1778568
0.00015891 1.34887e+08 21434.9 2238456
0.000162827 1.65163e+08 26893.1 2817320
0.000172243 1.9769e+08 34050.7 3546048
0.000166451 2.5681e+08 42746.2 4463536
0.000170993 3.13616e+08 53626.2 5618976
0.00017316 3.92395e+08 67947.1 7073000
0.000193658 4.403e+08 85267.5 8903400
0.000202616 5.27761e+08 106933 11207416
0.000198992 6.81357e+08 135585 14108600
0.000234032 7.26806e+08 170096 17761392
0.000240157 8.88064e+08 213275 22359128
0.000266656 1.01474e+09 270586 28147768
0.00031732 1.06937e+09 339332 35435048
0.000381527 1.11493e+09 425375 44608784
0.000469898 1.14873e+09 539786 56158608
0.000573768 1.17984e+09 676957 70698848
0.000856466 9.90602e+08 848417 89003992
0.000944295 1.13992e+09 1.07642e+06 112048728
0.00116054 1.16365e+09 1.35045e+06 141060568
0.00150869 1.12154e+09 1.69205e+06 177583912
0.00199213 1.0774e+09 2.14632e+06 223563560
0.00256815 1.04885e+09 2.69361e+06 281448816
0.00329516 1.02391e+09 3.37393e+06 354322760
0.004227 1.01222e+09 4.27865e+06 446064696
0.00537962 9.98415e+08 5.37109e+06 561561792
0.00686106 9.80186e+08 6.72511e+06 706964192
0.00872894 9.7668e+08 8.52538e+06 890014488
0.0110408 9.69446e+08 1.07035e+07 1120460704
0.013901 9.63572e+08 1.33946e+07 1410575672
0.0176421 9.61944e+08 1.69707e+07 1775809112
0.0223437 9.53461e+08 2.13039e+07 2235610168
0.0280944 9.48152e+08 2.66378e+07 2814466160
0.0353499 9.53796e+08 3.37166e+07 3543202168
0.0445037 9.50466e+08 4.22992e+07 4460626104
0.055914 9.44548e+08 5.28135e+07 5615594776
0.0701772 9.50876e+08 6.67298e+07 7069614200
0.0885423 9.43979e+08 8.35821e+07 8900116016
0.11127 9.35423e+08 1.04085e+08 11204581608
0.139644 9.38634e+08 1.31075e+08 14105731288
0.175903 9.30099e+08 1.63607e+08 17758062256
0.221061 9.17181e+08 2.02753e+08 22356075104
0.278221 9.12025e+08 2.53745e+08 28144630448
0.349791 8.99203e+08 3.14533e+08 35431989384
0.44036 8.77323e+08 3.86338e+08 44606231032
0.555139 8.61124e+08 4.78044e+08 56155916608
0.69867 8.37273e+08 5.84977e+08 70696109704
