# filename: ./acpphint-MBP_M4MAX_Parallels-106496MiB-threads_14-LP64-FreeBSD_main_n275290_9ef38a01aea8_64bit-clang++_19_O3lto_CA76-libc++-DSIZE_ul-ISIZE_ul-using_14_threads_creation_untimed.txt
# acpphint_main version: 0.1.41

0.000189701 289930 55 6832
0.000175409 393366 69 8288
0.000166618 498145 83 9744
0.000188159 515521 97 11200
0.000177826 624206 111 12656
0.000172368 806414 139 15568
0.000174159 958894 167 18480
0.000171618 1.21277e+06 208.133 22848
0.000158285 1.5675e+06 248.111 27216
0.00017516 1.73919e+06 304.636 33040
0.000179326 2.09364e+06 375.444 40320
0.00017716 2.58892e+06 458.654 49056
0.000190368 2.99974e+06 571.055 60704
0.000177034 4.00666e+06 709.316 75264
0.000175659 5.0951e+06 895 94192
0.000183534 6.09696e+06 1119 117488
0.00016366 8.51281e+06 1393.21 146608
0.000176577 9.88013e+06 1744.6 183008
0.000191409 1.14332e+07 2188.43 229600
0.000164785 1.66821e+07 2748.96 287840
0.00017866 1.93679e+07 3460.27 362096
0.000171285 2.53675e+07 4345.08 455280
0.00018266 2.99666e+07 5473.71 571760
0.00015041 4.57233e+07 6877.24 718816
0.000159869 5.39599e+07 8626.51 903728
0.000156536 6.96224e+07 10898.4 1136688
0.000176285 7.76154e+07 13682.4 1429344
0.000149702 1.14722e+08 17174.1 1799168
0.000173743 1.25032e+08 21723.4 2263632
0.000160161 1.70321e+08 27278.9 2848944
0.000180492 1.89605e+08 34222.3 3585680
0.000187451 2.31188e+08 43336.5 4513152
0.000169035 3.21826e+08 54399.9 5680864
0.000181117 3.76774e+08 68240.2 7151424
0.000171202 5.05115e+08 86476.6 9002000
0.000190367 5.70019e+08 108513 11331600
0.000207783 6.54875e+08 136072 14263984
0.000209992 8.21743e+08 172559 17956400
0.000254448 8.50724e+08 216465 22605408
0.000298488 9.09209e+08 271388 28457072
0.000344069 1.00089e+09 344375 35824432
0.000443815 9.72997e+08 431830 45099152
0.000521229 1.03845e+09 541270 56774816
0.000644558 1.06581e+09 686974 71474592
0.000807509 1.06682e+09 861470 89980352
0.00107471 1.0045e+09 1.07954e+06 113277808
0.00136995 9.99947e+08 1.36987e+06 142607472
0.0017296 9.93563e+08 1.71846e+06 179531632
0.00217725 9.88799e+08 2.15286e+06 226015888
0.0028253 9.66707e+08 2.73124e+06 284535440
0.00339361 1.00994e+09 3.42735e+06 358207584
0.00437941 9.80112e+08 4.29231e+06 450956240
0.00544645 9.99532e+08 5.4439e+06 567718704
0.00697217 9.8004e+08 6.83301e+06 714715008
0.00872315 9.80587e+08 8.55381e+06 899772608
0.0108733 9.97323e+08 1.08442e+07 1132745712
0.0140109 9.71542e+08 1.36122e+07 1426040896
0.0172497 9.87242e+08 1.70296e+07 1795278128
0.021813 9.89075e+08 2.15747e+07 2260120688
0.0274996 9.84564e+08 2.70751e+07 2845322032
0.0345696 9.78842e+08 3.38382e+07 3582047840
0.043439 9.85703e+08 4.28179e+07 4509530032
0.054629 9.8275e+08 5.36866e+07 5677160496
0.0684199 9.78927e+08 6.6978e+07 7147120624
0.0861078 9.82084e+08 8.45651e+07 8997690800
0.108094 9.78839e+08 1.05807e+08 11327420384
0.135759 9.69165e+08 1.31573e+08 14260376592
0.170189 9.72059e+08 1.65434e+08 17952748912
0.214167 9.62195e+08 2.0607e+08 22601170144
0.269706 9.44419e+08 2.54715e+08 28453186496
0.339733 9.35451e+08 3.17803e+08 35820438752
0.425846 9.2157e+08 3.92447e+08 45095259216
0.537423 8.92838e+08 4.79831e+08 56771566768
0.677044 8.721e+08 5.9045e+08 71471166592
0.849982 8.44492e+08 7.17803e+08 89976866896
