# filename: ./acpphint-MBP_M4MAX_Parallels-106496MiB-threads_14-LP64-FreeBSD_main_n275290_9ef38a01aea8_64bit-clang++_19_O3lto_CA76-libc++-DSIZE_ul-ISIZE_ul-using_1_threads.txt
# acpphint_main version: 0.1.41

9.62231e-09 1.03925e+08 1 280
1.45425e-08 1.37528e+08 2 384
2.10784e-08 1.42326e+08 3 488
2.79804e-08 1.42957e+08 4 592
3.40647e-08 1.46779e+08 5 696
3.76712e-08 1.59273e+08 6 800
4.42913e-08 1.58044e+08 7 904
5.10686e-08 1.76233e+08 9 1112
6.02824e-08 1.82475e+08 11 1320
7.29118e-08 1.92013e+08 14 1632
8.63036e-08 1.96979e+08 17 1944
1.05065e-07 1.99876e+08 21 2360
1.2273e-07 2.11848e+08 26 2880
1.49194e-07 2.14486e+08 32 3504
1.77083e-07 2.25882e+08 40 4336
2.1875e-07 2.28571e+08 50 5376
4e-07 1.575e+08 63 6728
3.33333e-07 2.37e+08 79 8392
4.104e-07 2.41228e+08 99 10472
5.46875e-07 2.26743e+08 124 13072
6.42333e-07 2.42865e+08 156 16400
8e-07 2.45e+08 196 20560
1.2395e-06 1.99274e+08 247 25864
1.24983e-06 2.48833e+08 311 32520
1.57275e-06 2.48609e+08 391 40840
2.2605e-06 2.17651e+08 492 51344
2.479e-06 2.49697e+08 619 64552
3.0625e-06 2.54367e+08 779 81192
3.771e-06 2.59878e+08 980 102096
4.875e-06 2.53128e+08 1234 128512
6.167e-06 2.51824e+08 1553 161688
7.833e-06 2.49585e+08 1955 203496
1.0333e-05 2.38169e+08 2461 256120
1.3083e-05 2.36796e+08 3098 322368
1.6874e-05 2.31125e+08 3900 405776
2.0874e-05 2.35221e+08 4909.99 510816
2.6624e-05 2.32159e+08 6180.99 643000
3.354e-05 2.31991e+08 7780.99 809400
4.2832e-05 2.28684e+08 9794.98 1018856
5.5122e-05 2.23703e+08 12331 1282600
6.8622e-05 2.26224e+08 15523.9 1614672
8.6705e-05 2.25395e+08 19542.9 2032648
0.000108121 2.27549e+08 24602.9 2558888
0.000212824 1.45532e+08 30972.8 3221368
0.000271072 1.43842e+08 38991.6 4055344
0.00034507 1.42254e+08 49087.4 5105328
0.000430899 1.43414e+08 61797.1 6427168
0.000520479 1.49473e+08 77797.6 8091272
0.000750178 1.30557e+08 97940.8 10186248
0.000612725 2.01231e+08 123299 12823688
0.000874339 1.77532e+08 155223 16143992
0.00103846 1.88175e+08 195412 20323960
0.00153911 1.59837e+08 246006 25586256
0.0019048 1.62589e+08 309699 32211160
0.00245853 1.58583e+08 389880 40551336
0.00315887 1.55378e+08 490818 51051072
0.00400167 1.54407e+08 617885 64269472
0.00510883 1.52254e+08 777842 80910408
0.00645636 1.51664e+08 979199 101860064
0.00810617 1.52065e+08 1.23267e+06 128234152
0.0105677 1.46837e+08 1.55172e+06 161437192
0.0128878 1.51563e+08 1.95331e+06 203237288
0.0163347 1.50525e+08 2.45879e+06 255860560
0.0202383 1.52927e+08 3.09497e+06 322109288
0.0253507 1.53669e+08 3.89561e+06 405511464
0.0314287 1.56008e+08 4.90313e+06 510508616
0.0392215 1.57334e+08 6.17085e+06 642692200
0.0488367 1.59015e+08 7.76575e+06 809101456
0.0613212 1.59356e+08 9.77193e+06 1018598328
0.077003 1.59668e+08 1.22949e+07 1282339208
0.0964978 1.60282e+08 1.54669e+07 1614369296
0.121175 1.6054e+08 1.94535e+07 2032370464
0.152749 1.60144e+08 2.44618e+07 2558602768
0.192743 1.5954e+08 3.07503e+07 3221089944
0.243055 1.58979e+08 3.86407e+07 4055111912
0.307218 1.57975e+08 4.85327e+07 5105083328
0.384958 1.58253e+08 6.09208e+07 6426919064
0.483348 1.58093e+08 7.6414e+07 8091011624
0.605452 1.5816e+08 9.57584e+07 10185980032
0.755983 1.5855e+08 1.19861e+08 12823389040
0.945202 1.58499e+08 1.49813e+08 16143690232
1.18048 1.58339e+08 1.86916e+08 20323701808
