# filename: ./acpphint-MBP_M4MAX_Parallels-106496MiB-threads_14-LP64-FreeBSD_main_n275290_9ef38a01aea8_64bit-clang++_19_O3lto_CA76-libc++-DSIZE_ull-ISIZE_ull-using_7_threads_creation_untimed.txt
# acpphint_main version: 0.1.41

8.7205e-05 309615 27 3416
8.7913e-05 386746 34 4144
8.3205e-05 492759 41 4872
7.0747e-05 678474 48 5600
9.4538e-05 581777 55 6328
7.7288e-05 892765 69 7784
9.1163e-05 910457 83 9240
8.3372e-05 1.24262e+06 103.6 11424
9.3455e-05 1.32328e+06 123.667 13608
8.7788e-05 1.73041e+06 151.909 16520
8.3288e-05 2.24863e+06 187.284 20160
9.0871e-05 2.51908e+06 228.911 24528
9.2121e-05 3.09482e+06 285.098 30352
8.4164e-05 4.20961e+06 354.297 37632
9.0705e-05 4.92806e+06 447 47096
9.0913e-05 6.14873e+06 559 58744
8.7746e-05 7.93563e+06 696.319 73304
9.1288e-05 9.55194e+06 871.978 91504
9.2788e-05 1.17911e+07 1094.07 114800
9.2662e-05 1.4831e+07 1374.27 143920
9.3538e-05 1.84958e+07 1730.06 181048
8.3621e-05 2.59857e+07 2172.95 227640
9.8079e-05 2.79045e+07 2736.84 285880
9.2704e-05 3.70972e+07 3439.06 359408
8.9705e-05 4.81013e+07 4314.93 451864
8.9955e-05 6.05799e+07 5449.47 568344
9.8413e-05 6.95306e+07 6842.71 714672
9.9246e-05 8.65656e+07 8591.29 899584
0.000100246 1.08357e+08 10862.4 1131816
9.9871e-05 1.36607e+08 13643 1424472
0.000110329 1.55179e+08 17120.7 1792840
9.8871e-05 2.1917e+08 21669.6 2256576
0.000116287 2.33972e+08 27207.9 2840432
8.5122e-05 4.0108e+08 34140.8 3575712
9.5621e-05 4.5221e+08 43240.7 4501000
0.000125244 4.33341e+08 54273.4 5665800
0.000140369 4.85007e+08 68080 7131992
0.000142161 6.06945e+08 86283.9 8978200
0.000151577 7.14281e+08 108269 11302704
0.000177785 7.63775e+08 135788 14228536
0.000206408 8.34251e+08 172196 17912216
0.000248156 8.70395e+08 215994 22549576
0.00031307 8.651e+08 270837 28387408
0.00039265 8.74878e+08 343521 35737296
0.000659598 6.53299e+08 430915 44990176
0.000667598 8.09193e+08 540216 56638904
0.000791926 8.65084e+08 685083 71303736
0.00103187 8.33122e+08 859677 89765816
0.00129991 8.28888e+08 1.07748e+06 113007944
0.00163739 8.3436e+08 1.36617e+06 142267720
0.0021382 8.0203e+08 1.7149e+06 179103792
0.00273881 7.84582e+08 2.14882e+06 225478120
0.0035249 7.7279e+08 2.72401e+06 283859352
0.00462369 7.39737e+08 3.42031e+06 357357504
0.00567802 7.5456e+08 4.28441e+06 449886304
0.00739458 7.3429e+08 5.42977e+06 566372856
0.00958082 7.11741e+08 6.81907e+06 713020448
0.0118821 7.18589e+08 8.53832e+06 897639064
0.014999 7.21148e+08 1.08165e+07 1130060344
0.0189429 7.17132e+08 1.35846e+07 1422661016
0.0237986 7.143e+08 1.69993e+07 1791023920
0.0299537 7.18468e+08 2.15208e+07 2254765016
0.0378094 7.1465e+08 2.70205e+07 2838580248
0.0476804 7.08447e+08 3.3779e+07 3573560312
0.0594563 7.18395e+08 4.27131e+07 4498845400
0.0747109 7.17158e+08 5.35795e+07 5663710192
0.0941954 7.09839e+08 6.68636e+07 7130188296
0.118379 7.12654e+08 8.43633e+07 8976374456
0.148906 7.09166e+08 1.05599e+08 11300585072
0.187493 7.00585e+08 1.31355e+08 14226593248
0.235582 7.00617e+08 1.65053e+08 17910219376
0.295336 6.96414e+08 2.05676e+08 22547629608
0.372281 6.83113e+08 2.5431e+08 28385783384
0.467257 6.7866e+08 3.17109e+08 35735583296
0.584061 6.70703e+08 3.91731e+08 44988433448
0.73584 6.51119e+08 4.7912e+08 56637081368
0.92018 6.40382e+08 5.89267e+08 71301860224
1.15118 6.22498e+08 7.16606e+08 89763723280
