# filename: ./acpphint-MBP_M4MAX_Parallels-106496MiB-threads_14-LP64-FreeBSD_main_n275290_9ef38a01aea8_64bit-clang++_19_O3lto_CA76-libc++-DSIZE_ul-ISIZE_ul-using_11_threads.txt
# acpphint_main version: 0.1.41

0.000161493 266265 43 5368
0.000192784 280106 54 6512
0.000162201 400737 65 7656
0.000182284 416932 76 8800
0.000124661 697893 87 9944
0.00017991 605858 109 12232
0.000113829 1.15085e+06 131 14520
0.000164119 995213 163.333 17952
0.000134578 1.44732e+06 194.778 21384
0.000166535 1.43623e+06 239.182 25960
0.000156244 1.88682e+06 294.804 31680
0.000163452 2.20366e+06 360.193 38544
0.000140078 3.2018e+06 448.502 47696
0.000176159 3.16285e+06 557.165 59136
0.000144119 4.87791e+06 703 74008
0.000171452 5.1268e+06 879 92312
0.000144411 7.57934e+06 1094.54 115192
0.000160702 8.52897e+06 1370.62 143792
0.000147702 1.16411e+07 1719.42 180400
0.000175785 1.22866e+07 2159.81 226160
0.000120995 2.24699e+07 2718.75 284504
0.00016441 2.07662e+07 3414.17 357720
0.000131495 3.27067e+07 4300.76 449240
0.000169202 3.19366e+07 5403.73 564784
0.00015516 4.36884e+07 6778.7 710072
0.000164035 5.22032e+07 8563.15 893112
0.000179201 5.99948e+07 10751.1 1123056
0.000164743 8.19201e+07 13495.8 1413632
0.000174368 9.78886e+07 17068.6 1778568
0.000137578 1.55802e+08 21434.9 2238456
0.000194659 1.38155e+08 26893.1 2817320
0.000152827 2.22806e+08 34050.7 3546048
0.000169493 2.52201e+08 42746.2 4463536
0.0001997 2.68534e+08 53626.2 5618976
0.000195326 3.47865e+08 67947.1 7073000
0.000209409 4.07182e+08 85267.5 8903400
0.00022095 4.83968e+08 106933 11207416
0.000236574 5.73117e+08 135585 14108600
0.000257073 6.61663e+08 170096 17761392
0.000296946 7.18228e+08 213275 22359128
0.000364943 7.41447e+08 270586 28147768
0.000381401 8.89698e+08 339332 35435048
0.000459982 9.24764e+08 425375 44608784
0.000538811 1.00181e+09 539786 56158608
0.000760261 8.90427e+08 676957 70698848
0.000739886 1.14669e+09 848417 89003992
0.000978502 1.10007e+09 1.07642e+06 112048728
0.00123949 1.08952e+09 1.35045e+06 141060568
0.00158077 1.0704e+09 1.69205e+06 177583912
0.00204163 1.05128e+09 2.14632e+06 223563560
0.00261669 1.0294e+09 2.69361e+06 281448816
0.00333174 1.01266e+09 3.37393e+06 354322760
0.00420875 1.01661e+09 4.27865e+06 446064696
0.00549265 9.77868e+08 5.37109e+06 561561792
0.0068886 9.76267e+08 6.72511e+06 706964192
0.00872306 9.77338e+08 8.52538e+06 890014488
0.0113396 9.43906e+08 1.07035e+07 1120460704
0.0140049 9.56425e+08 1.33946e+07 1410575672
0.0181291 9.361e+08 1.69707e+07 1775809112
0.0222992 9.55363e+08 2.13039e+07 2235610168
0.0281562 9.46074e+08 2.66378e+07 2814466160
0.0353342 9.54221e+08 3.37166e+07 3543202168
0.0445789 9.48863e+08 4.22992e+07 4460626104
0.0562418 9.39044e+08 5.28135e+07 5615594776
0.0708235 9.42199e+08 6.67298e+07 7069614200
0.0889186 9.39984e+08 8.35821e+07 8900116016
0.111822 9.30804e+08 1.04085e+08 11204581608
0.141241 9.28023e+08 1.31075e+08 14105731288
0.177259 9.22985e+08 1.63607e+08 17758062256
0.223725 9.0626e+08 2.02753e+08 22356075104
0.280604 9.0428e+08 2.53745e+08 28144630448
0.353367 8.90104e+08 3.14533e+08 35431989384
0.444669 8.68821e+08 3.86338e+08 44606231032
0.557948 8.56789e+08 4.78044e+08 56155916608
0.703091 8.32008e+08 5.84977e+08 70696109704
