# filename: ./acpphint-MBP_M4MAX_Parallels-106496MiB-threads_14-LP64-FreeBSD_main_n275290_9ef38a01aea8_64bit-clang++_19_O3lto_CA76-libc++-DSIZE_ul-ISIZE_ul-using_14_threads.txt
# acpphint_main version: 0.1.41

0.00020695 265765 55 6832
0.000216783 318291 69 8288
0.000179159 463276 83 9744
0.00020495 473286 97 11200
0.000195492 567798 111 12656
0.000196533 707260 139 15568
0.000201784 827618 167 18480
0.000205533 1.01265e+06 208.133 22848
0.000197242 1.2579e+06 248.111 27216
0.000199159 1.52961e+06 304.636 33040
0.00022795 1.64705e+06 375.444 40320
0.000206075 2.22566e+06 458.654 49056
0.000239532 2.38404e+06 571.055 60704
0.000209616 3.38388e+06 709.316 75264
0.000200033 4.47426e+06 895 94192
0.000192867 5.80192e+06 1119 117488
0.000199284 6.99106e+06 1393.21 146608
0.000209783 8.31623e+06 1744.6 183008
0.000208366 1.05028e+07 2188.43 229600
0.000218241 1.2596e+07 2748.96 287840
0.000202826 1.70603e+07 3460.27 362096
0.000197117 2.20431e+07 4345.08 455280
0.000209491 2.61286e+07 5473.71 571760
0.000209241 3.28675e+07 6877.24 718816
0.000215075 4.01093e+07 8626.51 903728
0.000226616 4.8092e+07 10898.4 1136688
0.000220158 6.21483e+07 13682.4 1429344
0.000236615 7.25825e+07 17174.1 1799168
0.000219366 9.90279e+07 21723.4 2263632
0.000230991 1.18095e+08 27278.9 2848944
0.0002187 1.5648e+08 34222.3 3585680
0.000215407 2.01184e+08 43336.5 4513152
0.000224616 2.42191e+08 54399.9 5680864
0.000239782 2.84592e+08 68240.2 7151424
0.00024874 3.47659e+08 86476.6 9002000
0.000245365 4.42251e+08 108513 11331600
0.000262031 5.19297e+08 136072 14263984
0.000265656 6.4956e+08 172559 17956400
0.00029203 7.41242e+08 216465 22605408
0.000341403 7.9492e+08 271388 28457072
0.000463523 7.42952e+08 344375 35824432
0.000499938 8.63768e+08 431830 45099152
0.000632599 8.5563e+08 541270 56774816
0.000713096 9.63368e+08 686974 71474592
0.000890464 9.6744e+08 861470 89980352
0.00111187 9.70919e+08 1.07954e+06 113277808
0.00140065 9.78026e+08 1.36987e+06 142607472
0.00180251 9.53372e+08 1.71846e+06 179531632
0.00225816 9.53369e+08 2.15286e+06 226015888
0.00276185 9.88917e+08 2.73124e+06 284535440
0.00350557 9.77687e+08 3.42735e+06 358207584
0.00446786 9.60708e+08 4.29231e+06 450956240
0.00551794 9.86581e+08 5.4439e+06 567718704
0.00694989 9.83183e+08 6.83301e+06 714715008
0.00873419 9.79348e+08 8.55381e+06 899772608
0.0110421 9.82079e+08 1.08442e+07 1132745712
0.0137124 9.9269e+08 1.36122e+07 1426040896
0.0173035 9.8417e+08 1.70296e+07 1795278128
0.0217736 9.90866e+08 2.15747e+07 2260120688
0.0275791 9.81723e+08 2.70751e+07 2845322032
0.0344235 9.82996e+08 3.38382e+07 3582047840
0.043213 9.90858e+08 4.28179e+07 4509530032
0.0543511 9.87774e+08 5.36866e+07 5677160496
0.0681974 9.8212e+08 6.6978e+07 7147120624
0.0859777 9.8357e+08 8.45651e+07 8997690800
0.107735 9.82102e+08 1.05807e+08 11327420384
0.135837 9.6861e+08 1.31573e+08 14260376592
0.170164 9.72204e+08 1.65434e+08 17952748912
0.214509 9.60661e+08 2.0607e+08 22601170144
0.269532 9.45027e+08 2.54715e+08 28453186496
0.34009 9.34468e+08 3.17803e+08 35820438752
0.427196 9.18658e+08 3.92447e+08 45095259216
0.536458 8.94443e+08 4.79831e+08 56771566768
0.675634 8.73921e+08 5.9045e+08 71471166592
0.848352 8.46115e+08 7.17803e+08 89976866896
