# filename: ./acpphint-MBP_M4MAX_Parallels-106496MiB-threads_14-LP64-FreeBSD_main_n275290_9ef38a01aea8_64bit-clang++_19_O3lto_CA76-libc++-DSIZE_ul-ISIZE_ul-using_3_threads.txt
# acpphint_main version: 0.1.41

4.9581e-05 221859 11 1464
4.5206e-05 309693 14 1776
4.8998e-05 346953 17 2088
4.5498e-05 439580 20 2400
4.8873e-05 470607 23 2712
5.154e-05 562670 29 3336
4.9998e-05 700028 35 3960
5.0539e-05 867978 43.8667 4896
4.7498e-05 1.10649e+06 52.5562 5832
4.779e-05 1.35252e+06 64.6367 7080
4.7832e-05 1.66757e+06 79.7633 8640
4.9998e-05 1.95272e+06 97.6321 10512
5.1164e-05 2.37855e+06 121.696 13008
4.8207e-05 3.14126e+06 151.431 16128
4.6498e-05 4.1077e+06 191 20184
5.1581e-05 4.63349e+06 239 25176
5.1623e-05 5.77457e+06 298.101 31416
4.7331e-05 7.88768e+06 373.332 39216
5.029e-05 9.32026e+06 468.716 49200
5.079e-05 1.15918e+07 588.747 61680
4.8665e-05 1.5234e+07 741.364 77592
5.029e-05 1.85268e+07 931.71 97560
5.0123e-05 2.3401e+07 1172.93 122520
5.0456e-05 2.9221e+07 1474.37 154032
5.1748e-05 3.57716e+07 1851.11 193656
5.3332e-05 4.37971e+07 2335.79 243576
5.4915e-05 5.3433e+07 2934.27 306288
5.3456e-05 6.89671e+07 3686.7 385536
5.5831e-05 8.33957e+07 4656.07 485064
5.8664e-05 9.97389e+07 5851.08 610488
6.5789e-05 1.11692e+08 7348.13 768360
6.7664e-05 1.37273e+08 9288.46 967104
6.9789e-05 1.6721e+08 11669.4 1217328
7.1539e-05 2.0485e+08 14654.7 1532448
8.2621e-05 2.24328e+08 18534.2 1929000
8.4289e-05 2.76178e+08 23278.8 2428200
9.0705e-05 3.22206e+08 29225.7 3056568
0.00013112 2.82047e+08 36982.1 3847800
0.000132744 3.49843e+08 46439.6 4844016
0.000154785 3.76628e+08 58296.3 6097944
0.000194659 3.79133e+08 73801.6 7676664
0.000260239 3.56014e+08 92648.8 9664104
0.000399442 2.91118e+08 116285 12166032
0.000434982 3.38489e+08 147237 15315984
0.000528645 3.49657e+08 184844 19281504
0.000852882 2.71978e+08 231965 24273816
0.000974211 3.01449e+08 293675 30558744
0.000939878 3.92379e+08 368788 38471064
0.00109683 4.21869e+08 462719 48431976
0.00147877 3.96102e+08 585745 60971880
0.00195067 3.77179e+08 735751 76758768
0.00231732 3.98296e+08 922980 96633480
0.00292751 3.99051e+08 1.16823e+06 121654008
0.00389155 3.77166e+08 1.46776e+06 153153216
0.00455715 4.03955e+08 1.84089e+06 192808416
0.00571148 4.0789e+08 2.32966e+06 242731224
0.00723804 4.04472e+08 2.92759e+06 305580192
0.00921388 3.9841e+08 3.6709e+06 384702456
0.0119284 3.89369e+08 4.64455e+06 484311576
0.0143164 4.07744e+08 5.83741e+06 609711864
0.018492 3.95691e+08 7.31709e+06 767581680
0.0226775 4.08106e+08 9.2548e+06 966327864
0.0282294 4.12041e+08 1.16317e+07 1216534392
0.0356542 4.08725e+08 1.45728e+07 1531525848
0.0448951 4.10329e+08 1.84218e+07 1928076600
0.0558581 4.1438e+08 2.31465e+07 2427304368
0.0704385 4.11349e+08 2.89748e+07 3055794984
0.0888262 4.11945e+08 3.65915e+07 3847017624
0.111226 4.13019e+08 4.59385e+07 4843107888
0.139574 4.11392e+08 5.74197e+07 6097111392
0.175294 4.12905e+08 7.23796e+07 7675808304
0.219143 4.13875e+08 9.06976e+07 9663269832
0.275784 4.09923e+08 1.1305e+08 12165335736
0.346514 4.09808e+08 1.42004e+08 15315249984
0.432912 4.09434e+08 1.77249e+08 19280757192
0.541515 4.05869e+08 2.19784e+08 24273034872
0.675728 4.05867e+08 2.74256e+08 30557940096
0.846026 4.01552e+08 3.39723e+08 38470167120
1.05103 3.96979e+08 4.17237e+08 48431070696
