# filename: ./acpphint-MBP_M4MAX_Parallels-106496MiB-threads_14-LP64-FreeBSD_main_n275290_9ef38a01aea8_64bit-clang++_19_O3lto_CA76-libc++-DSIZE_ull-ISIZE_ull-using_14_threads.txt
# acpphint_main version: 0.1.41

0.000209783 262176 55 6832
0.000193951 355760 69 8288
0.000194534 426661 83 9744
0.000223616 433779 97 11200
0.000206034 538746 111 12656
0.000224782 618377 139 15568
0.000210658 792754 167 18480
0.000190701 1.09141e+06 208.133 22848
0.000208117 1.19217e+06 248.111 27216
0.000234366 1.29983e+06 304.636 33040
0.000196659 1.90911e+06 375.444 40320
0.00023699 1.93533e+06 458.654 49056
0.000186826 3.05661e+06 571.055 60704
0.000201326 3.52322e+06 709.316 75264
0.000179409 4.9886e+06 895 94192
0.000204867 5.46208e+06 1119 117488
0.000206575 6.74431e+06 1393.21 146608
0.000223741 7.79743e+06 1744.6 183008
0.000194659 1.12424e+07 2188.43 229600
0.000196075 1.40199e+07 2748.96 287840
0.00021795 1.58764e+07 3460.27 362096
0.000205367 2.11576e+07 4345.08 455280
0.000207784 2.63432e+07 5473.71 571760
0.000181784 3.78319e+07 6877.24 718816
0.000183618 4.69808e+07 8626.51 903728
0.000216866 5.02541e+07 10898.4 1136688
0.000195826 6.98704e+07 13682.4 1429344
0.000186201 9.22342e+07 17174.1 1799168
0.000199909 1.08666e+08 21723.4 2263632
0.000209658 1.30111e+08 27278.9 2848944
0.000207159 1.65198e+08 34222.3 3585680
0.000210284 2.06086e+08 43336.5 4513152
0.000222449 2.4455e+08 54399.9 5680864
0.000234241 2.91325e+08 68240.2 7151424
0.000230032 3.75933e+08 86476.6 9002000
0.00021845 4.9674e+08 108513 11331600
0.000246782 5.51385e+08 136072 14263984
0.000262698 6.56874e+08 172559 17956400
0.000287572 7.52733e+08 216465 22605408
0.000347069 7.81943e+08 271388 28457072
0.000404317 8.51746e+08 344375 35824432
0.00049273 8.76404e+08 431830 45099152
0.000583643 9.274e+08 541270 56774816
0.000707013 9.71657e+08 686974 71474592
0.000879881 9.79076e+08 861470 89980352
0.00110895 9.73473e+08 1.07954e+06 113277808
0.00141128 9.70662e+08 1.36987e+06 142607472
0.0018068 9.51109e+08 1.71846e+06 179531632
0.00229074 9.39809e+08 2.15286e+06 226015888
0.00292376 9.34154e+08 2.73124e+06 284535440
0.00356119 9.62416e+08 3.42735e+06 358207584
0.00447869 9.58384e+08 4.29231e+06 450956240
0.00560444 9.71355e+08 5.4439e+06 567718704
0.00703167 9.71747e+08 6.83301e+06 714715008
0.00870211 9.82958e+08 8.55381e+06 899772608
0.0111359 9.73804e+08 1.08442e+07 1132745712
0.0139319 9.77057e+08 1.36122e+07 1426040896
0.017455 9.75629e+08 1.70296e+07 1795278128
0.0219223 9.84146e+08 2.15747e+07 2260120688
0.0278288 9.72916e+08 2.70751e+07 2845322032
0.0349548 9.68055e+08 3.38382e+07 3582047840
0.0434944 9.84447e+08 4.28179e+07 4509530032
0.0544735 9.85555e+08 5.36866e+07 5677160496
0.0683222 9.80326e+08 6.6978e+07 7147120624
0.0864088 9.78662e+08 8.45651e+07 8997690800
0.1081 9.78791e+08 1.05807e+08 11327420384
0.135662 9.69862e+08 1.31573e+08 14260376592
0.171411 9.65129e+08 1.65434e+08 17952748912
0.214366 9.61303e+08 2.0607e+08 22601170144
0.269579 9.44864e+08 2.54715e+08 28453186496
0.338638 9.38475e+08 3.17803e+08 35820438752
0.426385 9.20405e+08 3.92447e+08 45095259216
0.536034 8.95151e+08 4.79831e+08 56771566768
0.675781 8.7373e+08 5.9045e+08 71471166592
0.855149 8.3939e+08 7.17803e+08 89976866896
