# filename: ./acpphint-MBP_M4MAX_Parallels-106496MiB-threads_14-LP64-FreeBSD_main_n275290_9ef38a01aea8_64bit-clang++_19_O3lto_CA76-libc++-DSIZE_ul-ISIZE_ul-using_2_threads.txt
# acpphint_main version: 0.1.41

3.3332e-05 210008 7 976
3.6707e-05 245185 9 1184
3.6332e-05 302763 11 1392
3.2582e-05 398993 13 1600
3.279e-05 457457 15 1808
3.4415e-05 552085 19 2224
3.4207e-05 672377 23 2640
3.2374e-05 893724 28.9334 3264
3.229e-05 1.07707e+06 34.7785 3888
3.3207e-05 1.28944e+06 42.8186 4720
3.329e-05 1.58854e+06 52.8825 5760
3.504e-05 1.84971e+06 64.8139 7008
3.5457e-05 2.28013e+06 80.8465 8672
3.4415e-05 2.92648e+06 100.715 10752
3.6457e-05 3.48356e+06 127 13456
3.6665e-05 4.33656e+06 159 16784
3.4373e-05 5.77627e+06 198.548 20944
3.2957e-05 7.54524e+06 248.668 26144
3.2832e-05 9.51417e+06 312.369 32800
3.2873e-05 1.19359e+07 392.369 41120
3.229e-05 1.53047e+07 494.187 51728
3.3582e-05 1.85034e+07 621.382 65040
3.4498e-05 2.26667e+07 781.955 81680
3.7082e-05 2.65141e+07 983.196 102688
3.7207e-05 3.31957e+07 1235.11 129104
3.6457e-05 4.27183e+07 1557.38 162384
3.7499e-05 5.21922e+07 1957.15 204192
3.979e-05 6.18365e+07 2460.47 257024
4.0456e-05 7.67379e+07 3104.51 323376
4.2873e-05 9.1038e+07 3903.07 406992
4.629e-05 1.05958e+08 4904.82 512240
4.879e-05 1.26936e+08 6193.19 644736
5.4248e-05 1.43503e+08 7784.78 811552
5.7456e-05 1.70267e+08 9782.87 1021632
6.5955e-05 1.87363e+08 12357.5 1286000
7.2997e-05 2.12748e+08 15530 1618800
8.0705e-05 2.41762e+08 19511.4 2037712
9.9079e-05 2.48857e+08 24656.5 2565200
0.00011537 2.68545e+08 30982 3229344
0.000132912 2.92838e+08 38921.7 4065296
0.000162452 3.02873e+08 49202.3 5117776
0.000283071 2.1836e+08 61811.3 6442736
0.000323279 2.40172e+08 77642.6 8110688
0.000418983 2.34288e+08 98162.9 10210656
0.000620683 1.98688e+08 123322 12854336
0.000647432 2.39239e+08 154891 16182544
0.000808217 2.42276e+08 195811 20372496
0.000919796 2.67503e+08 246048 25647376
0.00109946 2.81041e+08 308992 32287984
0.00131632 2.96729e+08 390591 40647920
0.00170493 2.87926e+08 490894 51172512
0.00224208 2.7492e+08 616392 64422320
0.00274918 2.83392e+08 779097 81102672
0.00347365 2.81936e+08 979346 102102144
0.00434745 2.82817e+08 1.22953e+06 128538944
0.00551173 2.81928e+08 1.55391e+06 161820816
0.00691043 2.82705e+08 1.95361e+06 203720128
0.00863153 2.84103e+08 2.45225e+06 256468304
0.0107744 2.87604e+08 3.09874e+06 322874384
0.0134595 2.89479e+08 3.89624e+06 406474576
0.0167201 2.92436e+08 4.88954e+06 511721120
0.0209311 2.95122e+08 6.17721e+06 644218576
0.0260927 2.97674e+08 7.76712e+06 811022928
0.0326338 2.98582e+08 9.74384e+06 1021017232
0.0408433 3.01281e+08 1.23053e+07 1285384400
0.0510877 3.0281e+08 1.54699e+07 1618202912
0.0638627 3.0371e+08 1.93958e+07 2037196656
0.0801578 3.05376e+08 2.44783e+07 2564678416
0.10056 3.05858e+08 3.0757e+07 3228738592
0.126144 3.05389e+08 3.85229e+07 4064740928
0.158531 3.06294e+08 4.85571e+07 5117205536
0.198666 3.06725e+08 6.09359e+07 6442179888
0.249183 3.05705e+08 7.61765e+07 8110223824
0.311718 3.073e+08 9.57909e+07 10210166656
0.389245 3.08018e+08 1.19894e+08 12853838128
0.486444 3.07011e+08 1.49344e+08 16182023248
0.607706 3.07632e+08 1.8695e+08 20371960064
0.755845 3.07951e+08 2.32763e+08 25646778080
0.943172 3.05344e+08 2.87992e+08 32287380464
1.17683 3.03763e+08 3.57476e+08 40647403616
