# filename: ./acpphint-MBP_M4MAX_Parallels-106496MiB-threads_14-LP64-FreeBSD_main_n275290_9ef38a01aea8_64bit-clang++_19_O3lto_CA76-libc++-DSIZE_ull-ISIZE_ull-using_7_threads.txt
# acpphint_main version: 0.1.41

0.00011112 242981 27 3416
0.000121496 279845 34 4144
0.000103538 395990 41 4872
0.000111496 430509 48 5600
0.000113579 484244 55 6328
9.483e-05 727618 69 7784
0.000106829 776943 83 9240
0.000113829 910137 103.6 11424
0.000102079 1.21148e+06 123.667 13608
9.5746e-05 1.58659e+06 151.909 16520
0.000103288 1.81322e+06 187.284 20160
0.000115578 1.98058e+06 228.911 24528
0.000102787 2.77368e+06 285.098 30352
0.000120037 2.95157e+06 354.297 37632
0.000120328 3.71485e+06 447 47096
0.000125412 4.45731e+06 559 58744
0.000111787 6.22898e+06 696.319 73304
0.000115621 7.54169e+06 871.978 91504
0.000107746 1.01542e+07 1094.07 114800
0.000111287 1.23489e+07 1374.27 143920
0.000105621 1.63799e+07 1730.06 181048
0.000101829 2.13392e+07 2172.95 227640
0.000113912 2.40259e+07 2736.84 285880
0.00012062 2.85115e+07 3439.06 359408
0.000115579 3.73331e+07 4314.93 451864
0.000117829 4.62489e+07 5449.47 568344
0.000109204 6.26599e+07 6842.71 714672
0.000115536 7.43603e+07 8591.29 899584
0.000118121 9.19596e+07 10862.4 1131816
0.000116787 1.1682e+08 13643 1424472
0.000122161 1.40149e+08 17120.7 1792840
0.00012287 1.76362e+08 21669.6 2256576
0.000140952 1.9303e+08 27207.9 2840432
0.000123203 2.7711e+08 34140.8 3575712
0.000153702 2.81328e+08 43240.7 4501000
0.000150452 3.60736e+08 54273.4 5665800
0.000156327 4.35497e+08 68080 7131992
0.000188909 4.56748e+08 86283.9 8978200
0.000220366 4.91313e+08 108269 11302704
0.000243532 5.57576e+08 135788 14228536
0.000274155 6.28097e+08 172196 17912216
0.000299987 7.20011e+08 215994 22549576
0.000360693 7.50879e+08 270837 28387408
0.000435982 7.87924e+08 343521 35737296
0.000574394 7.50208e+08 430915 44990176
0.000858716 6.29097e+08 540216 56638904
0.00116183 5.89659e+08 685083 71303736
0.00108204 7.94498e+08 859677 89765816
0.00131453 8.19667e+08 1.07748e+06 113007944
0.00173135 7.89082e+08 1.36617e+06 142267720
0.0022022 7.78722e+08 1.7149e+06 179103792
0.00284055 7.56479e+08 2.14882e+06 225478120
0.00369327 7.3756e+08 2.72401e+06 283859352
0.0047476 7.2043e+08 3.42031e+06 357357504
0.00587668 7.29052e+08 4.28441e+06 449886304
0.00747341 7.26545e+08 5.42977e+06 566372856
0.00951907 7.16358e+08 6.81907e+06 713020448
0.0119199 7.16306e+08 8.53832e+06 897639064
0.0149353 7.24224e+08 1.08165e+07 1130060344
0.0189734 7.15983e+08 1.35846e+07 1422661016
0.0241338 7.04379e+08 1.69993e+07 1791023920
0.0300734 7.15607e+08 2.15208e+07 2254765016
0.0377716 7.15367e+08 2.70205e+07 2838580248
0.047816 7.06438e+08 3.3779e+07 3573560312
0.0593477 7.1971e+08 4.27131e+07 4498845400
0.0749797 7.14587e+08 5.35795e+07 5663710192
0.0943606 7.08597e+08 6.68636e+07 7130188296
0.118654 7.11005e+08 8.43633e+07 8976374456
0.14881 7.09625e+08 1.05599e+08 11300585072
0.18766 6.99962e+08 1.31355e+08 14226593248
0.235614 7.00522e+08 1.65053e+08 17910219376
0.295432 6.96187e+08 2.05676e+08 22547629608
0.371537 6.84482e+08 2.5431e+08 28385783384
0.467046 6.78967e+08 3.17109e+08 35735583296
0.5818 6.7331e+08 3.91731e+08 44988433448
0.734018 6.52736e+08 4.7912e+08 56637081368
0.921012 6.39804e+08 5.89267e+08 71301860224
1.1498 6.23242e+08 7.16606e+08 89763723280
