# filename: ./acpphint-MBP_M4MAX_Parallels-106496MiB-threads_14-LP64-FreeBSD_main_n275290_9ef38a01aea8_64bit-clang++_19_O3lto_CA76-libc++-DSIZE_ull-ISIZE_ull-using_2_threads.txt
# acpphint_main version: 0.1.41

3.0791e-05 227339 7 976
3.3498e-05 268673 9 1184
3.4624e-05 317699 11 1392
3.7081e-05 350584 13 1600
3.3624e-05 446110 15 1808
3.0248e-05 628141 19 2224
3.0124e-05 763511 23 2640
3.3624e-05 860499 28.9334 3264
3.5249e-05 986651 34.7785 3888
3.5874e-05 1.19358e+06 42.8186 4720
3.2248e-05 1.63987e+06 52.8825 5760
3.0457e-05 2.12805e+06 64.8139 7008
3.1874e-05 2.53644e+06 80.8465 8672
3.2249e-05 3.12303e+06 100.715 10752
3.2791e-05 3.87301e+06 127 13456
3.3207e-05 4.78815e+06 159 16784
3.479e-05 5.70704e+06 198.548 20944
3.4415e-05 7.22558e+06 248.668 26144
3.3457e-05 9.33644e+06 312.369 32800
3.3665e-05 1.16551e+07 392.369 41120
3.2624e-05 1.5148e+07 494.187 51728
3.5207e-05 1.76494e+07 621.382 65040
3.5874e-05 2.17973e+07 781.955 81680
3.5124e-05 2.79921e+07 983.196 102688
3.4707e-05 3.55868e+07 1235.11 129104
3.5748e-05 4.35655e+07 1557.38 162384
3.9206e-05 4.99198e+07 1957.15 204192
4.3165e-05 5.70016e+07 2460.47 257024
4.0832e-05 7.60313e+07 3104.51 323376
4.3873e-05 8.8963e+07 3903.07 406992
4.7873e-05 1.02455e+08 4904.82 512240
5.4331e-05 1.1399e+08 6193.19 644736
5.4956e-05 1.41655e+08 7784.78 811552
6.1123e-05 1.60052e+08 9782.87 1021632
7.0997e-05 1.74057e+08 12357.5 1286000
7.7039e-05 2.01586e+08 15530 1618800
8.4663e-05 2.30459e+08 19511.4 2037712
0.000130912 1.88344e+08 24656.5 2565200
0.000110829 2.79548e+08 30982 3229344
0.000158743 2.45187e+08 38921.7 4065296
0.000233532 2.10688e+08 49202.3 5117776
0.000381234 1.62135e+08 61811.3 6442736
0.000446066 1.74061e+08 77642.6 8110688
0.000340486 2.88302e+08 98162.9 10210656
0.000427691 2.88344e+08 123322 12854336
0.000645516 2.39949e+08 154891 16182544
0.000825259 2.37273e+08 195811 20372496
0.000888214 2.77014e+08 246048 25647376
0.00107529 2.87357e+08 308992 32287984
0.00135832 2.87554e+08 390591 40647920
0.00179293 2.73794e+08 490894 51172512
0.00218558 2.82027e+08 616392 64422320
0.00281464 2.76802e+08 779097 81102672
0.00354898 2.75951e+08 979346 102102144
0.00439782 2.79578e+08 1.22953e+06 128538944
0.00552128 2.81441e+08 1.55391e+06 161820816
0.00691576 2.82487e+08 1.95361e+06 203720128
0.00866111 2.83133e+08 2.45225e+06 256468304
0.0108599 2.85339e+08 3.09874e+06 322874384
0.0135597 2.8734e+08 3.89624e+06 406474576
0.0169292 2.88823e+08 4.88954e+06 511721120
0.0211588 2.91945e+08 6.17721e+06 644218576
0.0263648 2.94602e+08 7.76712e+06 811022928
0.0329517 2.957e+08 9.74384e+06 1021017232
0.0414546 2.96838e+08 1.23053e+07 1285384400
0.0518027 2.98631e+08 1.54699e+07 1618202912
0.0649151 2.98787e+08 1.93958e+07 2037196656
0.0818579 2.99034e+08 2.44783e+07 2564678416
0.102905 2.98888e+08 3.0757e+07 3228738592
0.12916 2.98257e+08 3.85229e+07 4064740928
0.162775 2.98307e+08 4.85571e+07 5117205536
0.202587 3.00789e+08 6.09359e+07 6442179888
0.255464 2.98189e+08 7.61765e+07 8110223824
0.319092 3.00198e+08 9.57909e+07 10210166656
0.398071 3.01188e+08 1.19894e+08 12853838128
0.497233 3.00349e+08 1.49344e+08 16182023248
0.621184 3.00957e+08 1.8695e+08 20371960064
0.774016 3.00722e+08 2.32763e+08 25646778080
0.966158 2.9808e+08 2.87992e+08 32287380464
1.21548 2.94103e+08 3.57476e+08 40647403616
