# filename: ./acpphint-MBP_M4MAX_Parallels-106496MiB-threads_14-LP64-FreeBSD_main_n275290_9ef38a01aea8_64bit-clang++_19_O3lto_CA76-libc++-DSIZE_ull-ISIZE_ull-using_2_threads_creation_untimed.txt
# acpphint_main version: 0.1.41

1.575e-05 444444 7 976
1.3583e-05 662593 9 1184
1.4625e-05 752137 11 1392
1.4458e-05 899156 13 1600
1.4124e-05 1.06202e+06 15 1808
1.4916e-05 1.2738e+06 19 2224
1.475e-05 1.55932e+06 23 2640
1.5124e-05 1.91308e+06 28.9334 3264
1.4583e-05 2.38486e+06 34.7785 3888
1.4374e-05 2.97889e+06 42.8186 4720
1.5125e-05 3.49637e+06 52.8825 5760
1.4958e-05 4.33306e+06 64.8139 7008
1.5041e-05 5.37507e+06 80.8465 8672
1.4791e-05 6.80919e+06 100.715 10752
1.5291e-05 8.30554e+06 127 13456
1.5291e-05 1.03983e+07 159 16784
1.5124e-05 1.3128e+07 198.548 20944
1.5582e-05 1.59587e+07 248.668 26144
1.5708e-05 1.9886e+07 312.369 32800
1.575e-05 2.49123e+07 392.369 41120
1.5666e-05 3.15452e+07 494.187 51728
1.6333e-05 3.80446e+07 621.382 65040
1.6874e-05 4.63408e+07 781.955 81680
1.7708e-05 5.55227e+07 983.196 102688
1.7999e-05 6.86212e+07 1235.11 129104
1.9291e-05 8.07309e+07 1557.38 162384
2.0499e-05 9.54756e+07 1957.15 204192
2.2999e-05 1.06982e+08 2460.47 257024
2.3874e-05 1.30037e+08 3104.51 323376
2.6415e-05 1.4776e+08 3903.07 406992
2.9499e-05 1.66271e+08 4904.82 512240
3.2582e-05 1.9008e+08 6193.19 644736
3.6499e-05 2.13287e+08 7784.78 811552
4.179e-05 2.34096e+08 9782.87 1021632
4.7873e-05 2.58132e+08 12357.5 1286000
5.5373e-05 2.80461e+08 15530 1618800
6.533e-05 2.98659e+08 19511.4 2037712
0.000111162 2.21807e+08 24656.5 2565200
9.2371e-05 3.35408e+08 30982 3229344
0.000138244 2.81543e+08 38921.7 4065296
0.000211408 2.32736e+08 49202.3 5117776
0.000362444 1.7054e+08 61811.3 6442736
0.000438274 1.77155e+08 77642.6 8110688
0.000326445 3.00703e+08 98162.9 10210656
0.00041365 2.98131e+08 123322 12854336
0.000633641 2.44446e+08 154891 16182544
0.000806634 2.42751e+08 195811 20372496
0.000871465 2.82338e+08 246048 25647376
0.00105629 2.92526e+08 308992 32287984
0.00132999 2.9368e+08 390591 40647920
0.00175514 2.7969e+08 490894 51172512
0.0021687 2.84221e+08 616392 64422320
0.0027753 2.80725e+08 779097 81102672
0.00351144 2.78901e+08 979346 102102144
0.00437216 2.81219e+08 1.22953e+06 128538944
0.00552723 2.81137e+08 1.55391e+06 161820816
0.0068941 2.83375e+08 1.95361e+06 203720128
0.00864515 2.83656e+08 2.45225e+06 256468304
0.0108183 2.86435e+08 3.09874e+06 322874384
0.0135456 2.87639e+08 3.89624e+06 406474576
0.0168472 2.9023e+08 4.88954e+06 511721120
0.0210486 2.93474e+08 6.17721e+06 644218576
0.0264139 2.94054e+08 7.76712e+06 811022928
0.0331999 2.9349e+08 9.74384e+06 1021017232
0.042039 2.92712e+08 1.23053e+07 1285384400
0.0529394 2.92219e+08 1.54699e+07 1618202912
0.0660078 2.93841e+08 1.93958e+07 2037196656
0.0828463 2.95466e+08 2.44783e+07 2564678416
0.103925 2.95954e+08 3.0757e+07 3228738592
0.131168 2.93691e+08 3.85229e+07 4064740928
0.164566 2.95061e+08 4.85571e+07 5117205536
0.205949 2.95878e+08 6.09359e+07 6442179888
0.257519 2.95809e+08 7.61765e+07 8110223824
0.323237 2.96349e+08 9.57909e+07 10210166656
0.402144 2.98138e+08 1.19894e+08 12853838128
0.505026 2.95715e+08 1.49344e+08 16182023248
0.629491 2.96985e+08 1.8695e+08 20371960064
0.783591 2.97047e+08 2.32763e+08 25646778080
0.980243 2.93796e+08 2.87992e+08 32287380464
1.22792 2.91122e+08 3.57476e+08 40647403616
