# filename: ./acpphint-MBP_M4MAX_Parallels-106496MiB-threads_14-LP64-FreeBSD_main_n275290_9ef38a01aea8_64bit-clang++_19_O3lto_CA76-libc++-DSIZE_ul-ISIZE_ul-using_7_threads.txt
# acpphint_main version: 0.1.41

0.000113329 238244 27 3416
0.000126787 268166 34 4144
0.00011237 364866 41 4872
0.000102913 466413 48 5600
0.000116912 470439 55 6328
0.000104454 660578 69 7784
0.000100455 826241 83 9240
9.7538e-05 1.06215e+06 103.6 11424
9.8496e-05 1.25555e+06 123.667 13608
8.5414e-05 1.77851e+06 151.909 16520
0.000123495 1.51653e+06 187.284 20160
9.9288e-05 2.30553e+06 228.911 24528
9.2455e-05 3.08364e+06 285.098 30352
0.000105287 3.36506e+06 354.297 37632
0.000106329 4.20393e+06 447 47096
9.0829e-05 6.15442e+06 559 58744
0.000129203 5.38934e+06 696.319 73304
9.3621e-05 9.31391e+06 871.978 91504
0.000104913 1.04284e+07 1094.07 114800
0.000111371 1.23396e+07 1374.27 143920
8.7288e-05 1.98201e+07 1730.06 181048
0.000100204 2.16853e+07 2172.95 227640
0.000129953 2.10602e+07 2736.84 285880
8.6955e-05 3.95498e+07 3439.06 359408
0.000112829 3.82431e+07 4314.93 451864
0.000116745 4.66784e+07 5449.47 568344
8.533e-05 8.01912e+07 6842.71 714672
0.000125537 6.84363e+07 8591.29 899584
0.000115995 9.3645e+07 10862.4 1131816
0.00011212 1.21682e+08 13643 1424472
0.000113579 1.50738e+08 17120.7 1792840
0.000101246 2.14029e+08 21669.6 2256576
0.000126328 2.15375e+08 27207.9 2840432
0.000120079 2.84319e+08 34140.8 3575712
0.000149036 2.90136e+08 43240.7 4501000
0.000148285 3.66007e+08 54273.4 5665800
0.00017791 3.82665e+08 68080 7131992
0.000186034 4.63807e+08 86283.9 8978200
0.000217742 4.97234e+08 108269 11302704
0.000238032 5.7046e+08 135788 14228536
0.000274322 6.27715e+08 172196 17912216
0.000321779 6.71249e+08 215994 22549576
0.000354861 7.63219e+08 270837 28387408
0.000482814 7.11497e+08 343521 35737296
0.000663931 6.49036e+08 430915 44990176
0.000664557 8.12896e+08 540216 56638904
0.000865965 7.91121e+08 685083 71303736
0.00108312 7.93703e+08 859677 89765816
0.00132686 8.12048e+08 1.07748e+06 113007944
0.00169026 8.08261e+08 1.36617e+06 142267720
0.00219612 7.80879e+08 1.7149e+06 179103792
0.00284164 7.5619e+08 2.14882e+06 225478120
0.00376822 7.22889e+08 2.72401e+06 283859352
0.00470073 7.27614e+08 3.42031e+06 357357504
0.00595647 7.19287e+08 4.28441e+06 449886304
0.00744349 7.29465e+08 5.42977e+06 566372856
0.0095397 7.1481e+08 6.81907e+06 713020448
0.0117997 7.23605e+08 8.53832e+06 897639064
0.015001 7.21054e+08 1.08165e+07 1130060344
0.0190732 7.12235e+08 1.35846e+07 1422661016
0.023733 7.16274e+08 1.69993e+07 1791023920
0.0299607 7.183e+08 2.15208e+07 2254765016
0.0376681 7.17332e+08 2.70205e+07 2838580248
0.0473711 7.13073e+08 3.3779e+07 3573560312
0.0596661 7.15868e+08 4.27131e+07 4498845400
0.0754243 7.10375e+08 5.35795e+07 5663710192
0.0951533 7.02693e+08 6.68636e+07 7130188296
0.119594 7.05413e+08 8.43633e+07 8976374456
0.150696 7.00744e+08 1.05599e+08 11300585072
0.188769 6.9585e+08 1.31355e+08 14226593248
0.237778 6.94148e+08 1.65053e+08 17910219376
0.299153 6.87528e+08 2.05676e+08 22547629608
0.376429 6.75586e+08 2.5431e+08 28385783384
0.468557 6.76777e+08 3.17109e+08 35735583296
0.588553 6.65584e+08 3.91731e+08 44988433448
0.738601 6.48686e+08 4.7912e+08 56637081368
0.933447 6.31281e+08 5.89267e+08 71301860224
1.16183 6.1679e+08 7.16606e+08 89763723280
