# filename: ./acpphint-MBP_M4MAX_Parallels-106496MiB-threads_14-LP64-FreeBSD_main_n275290_9ef38a01aea8_64bit-clang++_19_O3lto_CA76-libc++-DSIZE_ul-ISIZE_ul-using_3_threads_creation_untimed.txt
# acpphint_main version: 0.1.41

3.3457e-05 328780 11 1464
3.1374e-05 446229 14 1776
1.5249e-05 1.11483e+06 17 2088
1.5124e-05 1.3224e+06 20 2400
1.3583e-05 1.69329e+06 23 2712
1.3874e-05 2.09024e+06 29 3336
1.3666e-05 2.5611e+06 35 3960
1.4041e-05 3.12419e+06 43.8667 4896
1.3166e-05 3.99181e+06 52.5562 5832
1.3083e-05 4.94051e+06 64.6367 7080
1.3833e-05 5.76616e+06 79.7633 8640
1.4082e-05 6.93311e+06 97.6321 10512
1.3666e-05 8.90501e+06 121.696 13008
1.3833e-05 1.09471e+07 151.431 16128
1.3874e-05 1.37668e+07 191 20184
1.4041e-05 1.70216e+07 239 25176
1.3916e-05 2.14214e+07 298.101 31416
1.4125e-05 2.64306e+07 373.332 39216
1.4791e-05 3.16893e+07 468.716 49200
1.3917e-05 4.23042e+07 588.747 61680
1.4374e-05 5.15768e+07 741.364 77592
1.5332e-05 6.0769e+07 931.71 97560
1.5166e-05 7.73392e+07 1172.93 122520
1.6083e-05 9.16728e+07 1474.37 154032
1.6041e-05 1.15399e+08 1851.11 193656
1.7541e-05 1.33162e+08 2335.79 243576
1.9874e-05 1.47644e+08 2934.27 306288
2.3457e-05 1.57169e+08 3686.7 385536
2.4916e-05 1.86871e+08 4656.07 485064
2.7124e-05 2.15716e+08 5851.08 610488
2.9749e-05 2.47004e+08 7348.13 768360
3.229e-05 2.87657e+08 9288.46 967104
3.7665e-05 3.09822e+08 11669.4 1217328
4.4248e-05 3.31196e+08 14654.7 1532448
4.9123e-05 3.77301e+08 18534.2 1929000
5.8081e-05 4.00798e+08 23278.8 2428200
6.3997e-05 4.56673e+08 29225.7 3056568
0.000108745 3.40081e+08 36982.1 3847800
0.000113287 4.09929e+08 46439.6 4844016
0.000133745 4.35876e+08 58296.3 6097944
0.000165868 4.44942e+08 73801.6 7676664
0.000224574 4.12553e+08 92648.8 9664104
0.00032557 3.57173e+08 116285 12166032
0.000550811 2.67309e+08 147237 15315984
0.000552769 3.34397e+08 184844 19281504
0.000660849 3.51011e+08 231965 24273816
0.00104746 2.8037e+08 293675 30558744
0.000886173 4.16158e+08 368788 38471064
0.00105954 4.36717e+08 462719 48431976
0.00146336 4.00275e+08 585745 60971880
0.00188776 3.89749e+08 735751 76758768
0.00227491 4.05722e+08 922980 96633480
0.00284359 4.10827e+08 1.16823e+06 121654008
0.00362006 4.05452e+08 1.46776e+06 153153216
0.00495201 3.71745e+08 1.84089e+06 192808416
0.00591888 3.93597e+08 2.32966e+06 242731224
0.0073937 3.95957e+08 2.92759e+06 305580192
0.00944549 3.8864e+08 3.6709e+06 384702456
0.0119101 3.89966e+08 4.64455e+06 484311576
0.0146275 3.9907e+08 5.83741e+06 609711864
0.0186613 3.921e+08 7.31709e+06 767581680
0.0230921 4.00778e+08 9.2548e+06 966327864
0.0285529 4.07372e+08 1.16317e+07 1216534392
0.036192 4.02652e+08 1.45728e+07 1531525848
0.0452489 4.07121e+08 1.84218e+07 1928076600
0.0563015 4.11116e+08 2.31465e+07 2427304368
0.0706781 4.09955e+08 2.89748e+07 3055794984
0.0889128 4.11544e+08 3.65915e+07 3847017624
0.112048 4.0999e+08 4.59385e+07 4843107888
0.139264 4.12309e+08 5.74197e+07 6097111392
0.177291 4.08253e+08 7.23796e+07 7675808304
0.219513 4.13176e+08 9.06976e+07 9663269832
0.275342 4.10581e+08 1.1305e+08 12165335736
0.341723 4.15553e+08 1.42004e+08 15315249984
0.42658 4.15512e+08 1.77249e+08 19280757192
0.533299 4.12121e+08 2.19784e+08 24273034872
0.662935 4.13699e+08 2.74256e+08 30557940096
0.817064 4.15785e+08 3.39723e+08 38470167120
1.02367 4.07591e+08 4.17237e+08 48431070696
