# filename: ./acpphint-MBP_M4MAX_Parallels-106496MiB-threads_14-LP64-FreeBSD_main_n275290_9ef38a01aea8_64bit-clang++_19_O3lto_CA76-libc++-DSIZE_ull-ISIZE_ull-using_1_threads.txt
# acpphint_main version: 0.1.41

1.02539e-08 9.75241e+07 1 280
1.6593e-08 1.20533e+08 2 384
1.97016e-08 1.52272e+08 3 488
2.81117e-08 1.4229e+08 4 592
3.41512e-08 1.46408e+08 5 696
3.77007e-08 1.59148e+08 6 800
4.32791e-08 1.61741e+08 7 904
5.33981e-08 1.68545e+08 9 1112
5.9593e-08 1.84585e+08 11 1320
7.04559e-08 1.98706e+08 14 1632
8.40526e-08 2.02254e+08 17 1944
1.00543e-07 2.08865e+08 21 2360
1.19526e-07 2.17525e+08 26 2880
1.43806e-07 2.22521e+08 32 3504
1.75e-07 2.28571e+08 40 4336
2.146e-07 2.32992e+08 50 5376
2.6825e-07 2.34856e+08 63 6728
3.33333e-07 2.37e+08 79 8392
4.0625e-07 2.43692e+08 99 10472
5.15625e-07 2.40485e+08 124 13072
6.42333e-07 2.42865e+08 156 16400
8.041e-07 2.43751e+08 196 20560
1.02075e-06 2.41979e+08 247 25864
1.24983e-06 2.48833e+08 311 32520
1.5625e-06 2.5024e+08 391 40840
1.94775e-06 2.52599e+08 492 51344
2.4585e-06 2.5178e+08 619 64552
3.0835e-06 2.52635e+08 779 81192
3.833e-06 2.55674e+08 980 102096
4.916e-06 2.51017e+08 1234 128512
6.208e-06 2.50161e+08 1553 161688
8.374e-06 2.33461e+08 1955 203496
1.0457e-05 2.35345e+08 2461 256120
1.3208e-05 2.34555e+08 3098 322368
1.6875e-05 2.31111e+08 3900 405776
2.1082e-05 2.329e+08 4909.99 510816
2.9498e-05 2.09539e+08 6180.99 643000
3.404e-05 2.28584e+08 7780.99 809400
4.7331e-05 2.06946e+08 9794.98 1018856
6.1039e-05 2.02018e+08 12331 1282600
7.5581e-05 2.05395e+08 15523.9 1614672
9.6288e-05 2.02963e+08 19542.9 2032648
0.00011737 2.09618e+08 24602.9 2558888
0.000154369 2.00641e+08 30972.8 3221368
0.000296738 1.31401e+08 38991.6 4055344
0.000387276 1.26751e+08 49087.4 5105328
0.000485438 1.27302e+08 61797.1 6427168
0.000590892 1.31661e+08 77797.6 8091272
0.000825258 1.18679e+08 97940.8 10186248
0.000668014 1.84576e+08 123299 12823688
0.00105754 1.46778e+08 155223 16143992
0.00127911 1.52771e+08 195412 20323960
0.00165089 1.49014e+08 246006 25586256
0.00208583 1.48477e+08 309699 32211160
0.00267452 1.45776e+08 389880 40551336
0.0034004 1.44341e+08 490818 51051072
0.0043227 1.4294e+08 617885 64269472
0.00546632 1.42297e+08 777842 80910408
0.00690251 1.41861e+08 979199 101860064
0.00867427 1.42106e+08 1.23267e+06 128234152
0.0109305 1.41963e+08 1.55172e+06 161437192
0.0135793 1.43845e+08 1.95331e+06 203237288
0.0169566 1.45004e+08 2.45879e+06 255860560
0.0212974 1.45322e+08 3.09497e+06 322109288
0.0263485 1.47849e+08 3.89561e+06 405511464
0.032781 1.49573e+08 4.90313e+06 510508616
0.040971 1.50615e+08 6.17085e+06 642692200
0.0511825 1.51727e+08 7.76575e+06 809101456
0.0640427 1.52584e+08 9.77193e+06 1018598328
0.0804756 1.52778e+08 1.22949e+07 1282339208
0.100323 1.54172e+08 1.54669e+07 1614369296
0.125794 1.54645e+08 1.94535e+07 2032370464
0.157863 1.54956e+08 2.44618e+07 2558602768
0.198631 1.54811e+08 3.07503e+07 3221089944
0.249558 1.54837e+08 3.86407e+07 4055111912
0.313184 1.54965e+08 4.85327e+07 5105083328
0.392299 1.55292e+08 6.09208e+07 6426919064
0.491473 1.5548e+08 7.6414e+07 8091011624
0.613746 1.56023e+08 9.57584e+07 10185980032
0.76494 1.56693e+08 1.19861e+08 12823389040
0.955538 1.56784e+08 1.49813e+08 16143690232
1.19264 1.56724e+08 1.86916e+08 20323701808
