# filename: ./acpphint-MBP_M4MAX_Parallels-106496MiB-threads_14-LP64-FreeBSD_main_n275290_9ef38a01aea8_64bit-clang++_19_O3lto_CA76-libc++-DSIZE_ull-ISIZE_ull-using_3_threads_creation_untimed.txt
# acpphint_main version: 0.1.41

3.3582e-05 327556 11 1464
2.9082e-05 481397 14 1776
3.2207e-05 527836 17 2088
1.4457e-05 1.38341e+06 20 2400
1.3916e-05 1.65277e+06 23 2712
3.029e-05 957412 29 3336
1.4e-05 2.5e+06 35 3960
1.4125e-05 3.10561e+06 43.8667 4896
1.4291e-05 3.67757e+06 52.5562 5832
1.3957e-05 4.63113e+06 64.6367 7080
1.3083e-05 6.09671e+06 79.7633 8640
1.375e-05 7.10051e+06 97.6321 10512
1.3999e-05 8.69319e+06 121.696 13008
1.3958e-05 1.0849e+07 151.431 16128
1.3833e-05 1.38076e+07 191 20184
1.4166e-05 1.68714e+07 239 25176
1.3916e-05 2.14214e+07 298.101 31416
1.3999e-05 2.66685e+07 373.332 39216
1.4042e-05 3.33796e+07 468.716 49200
1.4208e-05 4.14377e+07 588.747 61680
1.4708e-05 5.04055e+07 741.364 77592
1.5082e-05 6.17763e+07 931.71 97560
1.5333e-05 7.64969e+07 1172.93 122520
1.6041e-05 9.19128e+07 1474.37 154032
1.6833e-05 1.09969e+08 1851.11 193656
1.7333e-05 1.3476e+08 2335.79 243576
1.7666e-05 1.66097e+08 2934.27 306288
1.9791e-05 1.86282e+08 3686.7 385536
2.0499e-05 2.27136e+08 4656.07 485064
2.2999e-05 2.54406e+08 5851.08 610488
2.5832e-05 2.84459e+08 7348.13 768360
2.8832e-05 3.22158e+08 9288.46 967104
3.4749e-05 3.35821e+08 11669.4 1217328
3.904e-05 3.75378e+08 14654.7 1532448
4.6498e-05 3.98602e+08 18534.2 1929000
5.4123e-05 4.30109e+08 23278.8 2428200
6.4331e-05 4.54302e+08 29225.7 3056568
0.000110412 3.34946e+08 36982.1 3847800
0.000114203 4.06641e+08 46439.6 4844016
0.000133828 4.35606e+08 58296.3 6097944
0.000169202 4.36174e+08 73801.6 7676664
0.000224158 4.13319e+08 92648.8 9664104
0.000330487 3.51859e+08 116285 12166032
0.00056706 2.59649e+08 147237 15315984
0.000568351 3.25229e+08 184844 19281504
0.000671514 3.45436e+08 231965 24273816
0.00077301 3.79911e+08 293675 30558744
0.000932296 3.9557e+08 368788 38471064
0.00110995 4.16881e+08 462719 48431976
0.00141282 4.14594e+08 585745 60971880
0.00186668 3.94151e+08 735751 76758768
0.00232728 3.96592e+08 922980 96633480
0.00291742 4.0043e+08 1.16823e+06 121654008
0.00364998 4.02129e+08 1.46776e+06 153153216
0.00456365 4.0338e+08 1.84089e+06 192808416
0.00584714 3.98427e+08 2.32966e+06 242731224
0.00710517 4.12036e+08 2.92759e+06 305580192
0.00914817 4.01272e+08 3.6709e+06 384702456
0.0114258 4.06496e+08 4.64455e+06 484311576
0.0145202 4.02021e+08 5.83741e+06 609711864
0.0181909 4.02239e+08 7.31709e+06 767581680
0.0220591 4.19545e+08 9.2548e+06 966327864
0.0274592 4.23598e+08 1.16317e+07 1216534392
0.0354394 4.11202e+08 1.45728e+07 1531525848
0.0444183 4.14734e+08 1.84218e+07 1928076600
0.0553987 4.17816e+08 2.31465e+07 2427304368
0.0691485 4.19023e+08 2.89748e+07 3055794984
0.0869433 4.20866e+08 3.65915e+07 3847017624
0.108408 4.23755e+08 4.59385e+07 4843107888
0.137545 4.17463e+08 5.74197e+07 6097111392
0.170588 4.24295e+08 7.23796e+07 7675808304
0.214274 4.2328e+08 9.06976e+07 9663269832
0.266227 4.24638e+08 1.1305e+08 12165335736
0.334118 4.25013e+08 1.42004e+08 15315249984
0.414693 4.27422e+08 1.77249e+08 19280757192
0.517325 4.24847e+08 2.19784e+08 24273034872
0.64357 4.26147e+08 2.74256e+08 30557940096
0.800931 4.2416e+08 3.39723e+08 38470167120
1.00123 4.16726e+08 4.17237e+08 48431070696
