# filename: ./acpphint-MBP_M4MAX_Parallels-106496MiB-threads_14-LP64-FreeBSD_main_n275290_9ef38a01aea8_64bit-clang++_19_O3lto_CA76-libc++-DSIZE_ull-ISIZE_ull-using_11_threads.txt
# acpphint_main version: 0.1.41

0.000177034 242891 43 5368
0.000167951 321522 54 6512
0.000165326 393163 65 7656
0.000151869 500431 76 8800
0.000170493 510285 87 9944
0.000186909 583171 109 12232
0.000159951 819001 131 14520
0.000160285 1.01902e+06 163.333 17952
0.000167535 1.16261e+06 194.778 21384
0.000165702 1.44345e+06 239.182 25960
0.000160452 1.83734e+06 294.804 31680
0.000169327 2.1272e+06 360.193 38544
0.00016416 2.7321e+06 448.502 47696
0.000159619 3.49059e+06 557.165 59136
0.00016941 4.1497e+06 703 74008
0.00016916 5.19626e+06 879 92312
0.000163535 6.693e+06 1094.54 115192
0.000179326 7.64318e+06 1370.62 143792
0.000160202 1.07328e+07 1719.42 180400
0.000177035 1.21999e+07 2159.81 226160
0.000175368 1.55031e+07 2718.75 284504
0.000170202 2.00595e+07 3414.17 357720
0.000158494 2.71352e+07 4300.76 449240
0.000145536 3.71299e+07 5403.73 564784
0.000159201 4.25795e+07 6778.7 710072
0.000149994 5.709e+07 8563.15 893112
0.000159911 6.7232e+07 10751.1 1123056
0.00016641 8.10995e+07 13495.8 1413632
0.000193575 8.81759e+07 17068.6 1778568
0.000136662 1.56846e+08 21434.9 2238456
0.000173201 1.55271e+08 26893.1 2817320
0.000197908 1.72053e+08 34050.7 3546048
0.000182868 2.33755e+08 42746.2 4463536
0.000196117 2.7344e+08 53626.2 5618976
0.000182826 3.71649e+08 67947.1 7073000
0.000201367 4.23443e+08 85267.5 8903400
0.000222699 4.80167e+08 106933 11207416
0.00023349 5.80687e+08 135585 14108600
0.000266906 6.37287e+08 170096 17761392
0.000285655 7.46617e+08 213275 22359128
0.00033332 8.1179e+08 270586 28147768
0.000378402 8.96749e+08 339332 35435048
0.000441107 9.64334e+08 425375 44608784
0.000512063 1.05414e+09 539786 56158608
0.000618475 1.09456e+09 676957 70698848
0.000890548 9.5269e+08 848417 89003992
0.000986918 1.09069e+09 1.07642e+06 112048728
0.00124787 1.08221e+09 1.35045e+06 141060568
0.00156877 1.07858e+09 1.69205e+06 177583912
0.00206537 1.03919e+09 2.14632e+06 223563560
0.00261702 1.02927e+09 2.69361e+06 281448816
0.00336345 1.00312e+09 3.37393e+06 354322760
0.00430208 9.94556e+08 4.27865e+06 446064696
0.00545945 9.83816e+08 5.37109e+06 561561792
0.00696751 9.6521e+08 6.72511e+06 706964192
0.00882218 9.66357e+08 8.52538e+06 890014488
0.0111875 9.56737e+08 1.07035e+07 1120460704
0.0140826 9.51145e+08 1.33946e+07 1410575672
0.0178395 9.51297e+08 1.69707e+07 1775809112
0.0224437 9.49213e+08 2.13039e+07 2235610168
0.0283491 9.39633e+08 2.66378e+07 2814466160
0.0355747 9.47769e+08 3.37166e+07 3543202168
0.0447139 9.45996e+08 4.22992e+07 4460626104
0.0560887 9.41607e+08 5.28135e+07 5615594776
0.0705481 9.45876e+08 6.67298e+07 7069614200
0.0886951 9.42353e+08 8.35821e+07 8900116016
0.111237 9.35702e+08 1.04085e+08 11204581608
0.140163 9.35159e+08 1.31075e+08 14105731288
0.175919 9.30013e+08 1.63607e+08 17758062256
0.221722 9.14448e+08 2.02753e+08 22356075104
0.278857 9.09946e+08 2.53745e+08 28144630448
0.350433 8.97556e+08 3.14533e+08 35431989384
0.441768 8.74525e+08 3.86338e+08 44606231032
0.556311 8.59309e+08 4.78044e+08 56155916608
0.697869 8.38233e+08 5.84977e+08 70696109704
