# filename: ./acpphint-MBP_M4MAX_Parallels-106496MiB-threads_14-LP64-FreeBSD_main_n275290_9ef38a01aea8_64bit-clang++_19_O3lto_CA76-libc++-DSIZE_ul-ISIZE_ul-using_11_threads_creation_untimed.txt
# acpphint_main version: 0.1.41

0.000143869 298883 43 5368
0.000149577 361018 54 6512
0.000145452 446883 65 7656
0.00015691 484354 76 8800
0.000149869 580507 87 9944
0.000143785 758076 109 12232
0.000150577 869987 131 14520
0.000153494 1.0641e+06 163.333 17952
0.000146036 1.33377e+06 194.778 21384
0.000148619 1.60936e+06 239.182 25960
0.000150369 1.96054e+06 294.804 31680
0.00015891 2.26665e+06 360.193 38544
0.000157369 2.85e+06 448.502 47696
0.000142119 3.92041e+06 557.165 59136
0.000154035 4.5639e+06 703 74008
0.000143661 6.11857e+06 879 92312
0.000143328 7.63661e+06 1094.54 115192
0.000149702 9.15567e+06 1370.62 143792
0.000149411 1.1508e+07 1719.42 180400
0.000143744 1.50254e+07 2159.81 226160
0.000155743 1.74566e+07 2718.75 284504
0.000150453 2.26926e+07 3414.17 357720
0.000156077 2.75554e+07 4300.76 449240
0.000143785 3.7582e+07 5403.73 564784
0.000156161 4.34084e+07 6778.7 710072
0.000162077 5.28339e+07 8563.15 893112
0.000161993 6.63679e+07 10751.1 1123056
0.000147619 9.1423e+07 13495.8 1413632
0.000166244 1.02672e+08 17068.6 1778568
0.00017241 1.24325e+08 21434.9 2238456
0.000175243 1.53461e+08 26893.1 2817320
0.000158785 2.14445e+08 34050.7 3546048
0.000158661 2.69419e+08 42746.2 4463536
0.000161077 3.32923e+08 53626.2 5618976
0.000174409 3.89585e+08 67947.1 7073000
0.000195367 4.36448e+08 85267.5 8903400
0.000196909 5.43057e+08 106933 11207416
0.000185951 7.29142e+08 135585 14108600
0.000215158 7.90562e+08 170096 17761392
0.000228324 9.34088e+08 213275 22359128
0.000268364 1.00828e+09 270586 28147768
0.000289114 1.1737e+09 339332 35435048
0.000359402 1.18356e+09 425375 44608784
0.000583893 9.24461e+08 539786 56158608
0.00056706 1.1938e+09 676957 70698848
0.000942461 9.00214e+08 848417 89003992
0.00113599 9.47555e+08 1.07642e+06 112048728
0.00117383 1.15047e+09 1.35045e+06 141060568
0.00153581 1.10173e+09 1.69205e+06 177583912
0.00198692 1.08022e+09 2.14632e+06 223563560
0.00260627 1.03351e+09 2.69361e+06 281448816
0.00332566 1.01452e+09 3.37393e+06 354322760
0.00425849 1.00473e+09 4.27865e+06 446064696
0.00543761 9.87766e+08 5.37109e+06 561561792
0.00692176 9.71589e+08 6.72511e+06 706964192
0.00879773 9.69044e+08 8.52538e+06 890014488
0.0111585 9.59223e+08 1.07035e+07 1120460704
0.0141606 9.45912e+08 1.33946e+07 1410575672
0.0178352 9.51526e+08 1.69707e+07 1775809112
0.0223642 9.52588e+08 2.13039e+07 2235610168
0.0283879 9.38349e+08 2.66378e+07 2814466160
0.0355541 9.4832e+08 3.37166e+07 3543202168
0.0446798 9.46719e+08 4.22992e+07 4460626104
0.0561363 9.40809e+08 5.28135e+07 5615594776
0.0706486 9.44531e+08 6.67298e+07 7069614200
0.088778 9.41473e+08 8.35821e+07 8900116016
0.111672 9.32057e+08 1.04085e+08 11204581608
0.14026 9.34511e+08 1.31075e+08 14105731288
0.176613 9.26358e+08 1.63607e+08 17758062256
0.221864 9.13862e+08 2.02753e+08 22356075104
0.279102 9.09148e+08 2.53745e+08 28144630448
0.350415 8.976e+08 3.14533e+08 35431989384
0.441686 8.74689e+08 3.86338e+08 44606231032
0.556305 8.59318e+08 4.78044e+08 56155916608
0.697334 8.38877e+08 5.84977e+08 70696109704
