# filename: ./acpphint-MBP_M4MAX_Parallels-106496MiB-threads_14-LP64-FreeBSD_main_n275290_9ef38a01aea8_64bit-clang++_19_O3lto_CA76-libc++-DSIZE_ull-ISIZE_ull-using_14_threads_creation_untimed.txt
# acpphint_main version: 0.1.41

0.000182159 301934 55 6832
0.000184492 374000 69 8288
0.000165077 502796 83 9744
0.00017141 565895 97 11200
0.000190118 583848 111 12656
0.000160994 863386 139 15568
0.000191492 872099 167 18480
0.000182743 1.13894e+06 208.133 22848
0.000192992 1.2856e+06 248.111 27216
0.000184076 1.65495e+06 304.636 33040
0.000181576 2.0677e+06 375.444 40320
0.000183242 2.503e+06 458.654 49056
0.000194575 2.93488e+06 571.055 60704
0.000196701 3.60606e+06 709.316 75264
0.000179451 4.98743e+06 895 94192
0.000184326 6.07076e+06 1119 117488
0.000191075 7.29141e+06 1393.21 146608
0.000186117 9.3737e+06 1744.6 183008
0.000184451 1.18645e+07 2188.43 229600
0.00017016 1.61551e+07 2748.96 287840
0.000177451 1.94998e+07 3460.27 362096
0.000181659 2.39189e+07 4345.08 455280
0.0001962 2.78986e+07 5473.71 571760
0.000185575 3.70591e+07 6877.24 718816
0.000195492 4.41272e+07 8626.51 903728
0.000178577 6.10292e+07 10898.4 1136688
0.000173743 7.8751e+07 13682.4 1429344
0.000185325 9.26702e+07 17174.1 1799168
0.00018466 1.1764e+08 21723.4 2263632
0.0001932 1.41195e+08 27278.9 2848944
0.000199075 1.71906e+08 34222.3 3585680
0.000198284 2.18558e+08 43336.5 4513152
0.000199242 2.73034e+08 54399.9 5680864
0.000184242 3.70383e+08 68240.2 7151424
0.000208992 4.1378e+08 86476.6 9002000
0.000208158 5.213e+08 108513 11331600
0.000214992 6.32916e+08 136072 14263984
0.000238491 7.23547e+08 172559 17956400
0.000251865 8.59448e+08 216465 22605408
0.000328112 8.2712e+08 271388 28457072
0.000362777 9.49276e+08 344375 35824432
0.000448565 9.62693e+08 431830 45099152
0.000543645 9.95632e+08 541270 56774816
0.000679598 1.01085e+09 686974 71474592
0.000843757 1.02099e+09 861470 89980352
0.00107841 1.00104e+09 1.07954e+06 113277808
0.00137961 9.92941e+08 1.36987e+06 142607472
0.00176914 9.71357e+08 1.71846e+06 179531632
0.00226237 9.51596e+08 2.15286e+06 226015888
0.00283922 9.61968e+08 2.73124e+06 284535440
0.00344232 9.9565e+08 3.42735e+06 358207584
0.00437536 9.81018e+08 4.29231e+06 450956240
0.00549678 9.9038e+08 5.4439e+06 567718704
0.00709338 9.63294e+08 6.83301e+06 714715008
0.00893035 9.57836e+08 8.55381e+06 899772608
0.0109504 9.90299e+08 1.08442e+07 1132745712
0.0138618 9.81994e+08 1.36122e+07 1426040896
0.0173712 9.80339e+08 1.70296e+07 1795278128
0.0218122 9.89113e+08 2.15747e+07 2260120688
0.0274227 9.87322e+08 2.70751e+07 2845322032
0.0344394 9.82544e+08 3.38382e+07 3582047840
0.0433285 9.88215e+08 4.28179e+07 4509530032
0.054232 9.89944e+08 5.36866e+07 5677160496
0.0683001 9.80643e+08 6.6978e+07 7147120624
0.0855697 9.88259e+08 8.45651e+07 8997690800
0.1081 9.7879e+08 1.05807e+08 11327420384
0.135659 9.69884e+08 1.31573e+08 14260376592
0.170602 9.69708e+08 1.65434e+08 17952748912
0.214045 9.62741e+08 2.0607e+08 22601170144
0.269697 9.4445e+08 2.54715e+08 28453186496
0.33872 9.38247e+08 3.17803e+08 35820438752
0.426568 9.20009e+08 3.92447e+08 45095259216
0.536845 8.93798e+08 4.79831e+08 56771566768
0.676327 8.73025e+08 5.9045e+08 71471166592
0.853695 8.40819e+08 7.17803e+08 89976866896
