# filename: ./acpphint-MBP_M4MAX_Parallels-106496MiB-threads_14-LP64-FreeBSD_main_n275290_9ef38a01aea8_64bit-clang++_19_O3lto_CA76-libc++-DSIZE_ul-ISIZE_ul-using_7_threads_creation_untimed.txt
# acpphint_main version: 0.1.41

9.6747e-05 279078 27 3416
9.4871e-05 358381 34 4144
9.2454e-05 443464 41 4872
8.4038e-05 571170 48 5600
9.6329e-05 570960 55 6328
8.5996e-05 802363 69 7784
7.9122e-05 1.04901e+06 83 9240
8.1663e-05 1.26863e+06 103.6 11424
7.3831e-05 1.675e+06 123.667 13608
8.1913e-05 1.85452e+06 151.909 16520
8.5121e-05 2.20021e+06 187.284 20160
8.2455e-05 2.7762e+06 228.911 24528
7.5872e-05 3.75762e+06 285.098 30352
8.5955e-05 4.12189e+06 354.297 37632
8.333e-05 5.36421e+06 447 47096
8.7955e-05 6.35552e+06 559 58744
8.233e-05 8.45766e+06 696.319 73304
8.4955e-05 1.0264e+07 871.978 91504
9.2913e-05 1.17752e+07 1094.07 114800
8.5289e-05 1.61132e+07 1374.27 143920
8.6246e-05 2.00596e+07 1730.06 181048
7.5455e-05 2.8798e+07 2172.95 227640
9.2788e-05 2.94956e+07 2736.84 285880
7.4872e-05 4.59325e+07 3439.06 359408
9.3037e-05 4.63786e+07 4314.93 451864
8.0371e-05 6.78039e+07 5449.47 568344
9.7954e-05 6.98564e+07 6842.71 714672
9.158e-05 9.38118e+07 8591.29 899584
9.7788e-05 1.11081e+08 10862.4 1131816
8.2789e-05 1.64793e+08 13643 1424472
9.7205e-05 1.7613e+08 17120.7 1792840
7.7539e-05 2.79467e+08 21669.6 2256576
0.000101746 2.6741e+08 27207.9 2840432
9.5746e-05 3.56576e+08 34140.8 3575712
9.8579e-05 4.3864e+08 43240.7 4501000
0.00011512 4.71451e+08 54273.4 5665800
0.000116662 5.83566e+08 68080 7131992
0.000141744 6.0873e+08 86283.9 8978200
0.000159119 6.80426e+08 108269 11302704
0.000160743 8.4475e+08 135788 14228536
0.000194242 8.86502e+08 172196 17912216
0.000247782 8.71709e+08 215994 22549576
0.000306321 8.8416e+08 270837 28387408
0.000385651 8.90755e+08 343521 35737296
0.000544103 7.91973e+08 430915 44990176
0.000825841 6.5414e+08 540216 56638904
0.00111191 6.16129e+08 685083 71303736
0.00104512 8.2256e+08 859677 89765816
0.00131878 8.17025e+08 1.07748e+06 113007944
0.00176847 7.72518e+08 1.36617e+06 142267720
0.0021727 7.89295e+08 1.7149e+06 179103792
0.00281776 7.62597e+08 2.14882e+06 225478120
0.00353661 7.70232e+08 2.72401e+06 283859352
0.0046856 7.29962e+08 3.42031e+06 357357504
0.00607321 7.0546e+08 4.28441e+06 449886304
0.00760232 7.14225e+08 5.42977e+06 566372856
0.0093312 7.30781e+08 6.81907e+06 713020448
0.0119506 7.14465e+08 8.53832e+06 897639064
0.0152106 7.11115e+08 1.08165e+07 1130060344
0.0191531 7.09264e+08 1.35846e+07 1422661016
0.0242705 7.00412e+08 1.69993e+07 1791023920
0.0304053 7.07797e+08 2.15208e+07 2254765016
0.0377864 7.15085e+08 2.70205e+07 2838580248
0.0481834 7.01052e+08 3.3779e+07 3573560312
0.0597172 7.15256e+08 4.27131e+07 4498845400
0.0753764 7.10826e+08 5.35795e+07 5663710192
0.0948488 7.04949e+08 6.68636e+07 7130188296
0.119875 7.03759e+08 8.43633e+07 8976374456
0.149946 7.04245e+08 1.05599e+08 11300585072
0.187754 6.9961e+08 1.31355e+08 14226593248
0.236988 6.96461e+08 1.65053e+08 17910219376
0.295278 6.9655e+08 2.05676e+08 22547629608
0.372348 6.82992e+08 2.5431e+08 28385783384
0.467505 6.78301e+08 3.17109e+08 35735583296
0.58462 6.70062e+08 3.91731e+08 44988433448
0.735167 6.51715e+08 4.7912e+08 56637081368
0.91626 6.43122e+08 5.89267e+08 71301860224
1.15431 6.20806e+08 7.16606e+08 89763723280
