# filename: ./acpphint-MBP_M4MAX_Parallels-106496MiB-threads_14-LP64-FreeBSD_main_n275290_9ef38a01aea8_64bit-clang++_19_O3lto_CA76-libc++-DSIZE_ull-ISIZE_ull-using_3_threads.txt
# acpphint_main version: 0.1.41

4.9206e-05 223550 11 1464
4.729e-05 296046 14 1776
5.0206e-05 338605 17 2088
5.1706e-05 386802 20 2400
5.0332e-05 456966 23 2712
5.0623e-05 572862 29 3336
5.5622e-05 629247 35 3960
4.9914e-05 878846 43.8667 4896
4.9373e-05 1.06447e+06 52.5562 5832
5.0373e-05 1.28316e+06 64.6367 7080
4.9415e-05 1.61415e+06 79.7633 8640
4.4164e-05 2.21067e+06 97.6321 10512
4.7998e-05 2.53544e+06 121.696 13008
4.8957e-05 3.09314e+06 151.431 16128
4.8831e-05 3.91145e+06 191 20184
4.9914e-05 4.78824e+06 239 25176
4.7624e-05 6.25946e+06 298.101 31416
5.329e-05 7.00566e+06 373.332 39216
4.8915e-05 9.58226e+06 468.716 49200
5.0998e-05 1.15445e+07 588.747 61680
5.0248e-05 1.47541e+07 741.364 77592
5.2498e-05 1.77475e+07 931.71 97560
5.0623e-05 2.31698e+07 1172.93 122520
5.2164e-05 2.82642e+07 1474.37 154032
5.0539e-05 3.66273e+07 1851.11 193656
4.9998e-05 4.67176e+07 2335.79 243576
5.3581e-05 5.47633e+07 2934.27 306288
4.9498e-05 7.44819e+07 3686.7 385536
5.8206e-05 7.99929e+07 4656.07 485064
5.7164e-05 1.02356e+08 5851.08 610488
6.3247e-05 1.16182e+08 7348.13 768360
6.8622e-05 1.35357e+08 9288.46 967104
7.6122e-05 1.53299e+08 11669.4 1217328
7.0789e-05 2.0702e+08 14654.7 1532448
8.108e-05 2.28591e+08 18534.2 1929000
8.8997e-05 2.61568e+08 23278.8 2428200
8.9246e-05 3.27474e+08 29225.7 3056568
0.000130745 2.82856e+08 36982.1 3847800
0.00013437 3.4561e+08 46439.6 4844016
0.000152036 3.83437e+08 58296.3 6097944
0.000195534 3.77436e+08 73801.6 7676664
0.000243615 3.80308e+08 92648.8 9664104
0.000347194 3.34928e+08 116285 12166032
0.000578102 2.5469e+08 147237 15315984
0.000578601 3.19468e+08 184844 19281504
0.000686264 3.38012e+08 231965 24273816
0.000797676 3.68163e+08 293675 30558744
0.000954753 3.86265e+08 368788 38471064
0.00112445 4.11506e+08 462719 48431976
0.00143694 4.07633e+08 585745 60971880
0.00188584 3.90145e+08 735751 76758768
0.00233791 3.94789e+08 922980 96633480
0.00293096 3.9858e+08 1.16823e+06 121654008
0.00367602 3.9928e+08 1.46776e+06 153153216
0.00461002 3.99322e+08 1.84089e+06 192808416
0.00574864 4.05253e+08 2.32966e+06 242731224
0.00743595 3.93707e+08 2.92759e+06 305580192
0.00918875 3.99499e+08 3.6709e+06 384702456
0.0112671 4.12221e+08 4.64455e+06 484311576
0.0144969 4.02667e+08 5.83741e+06 609711864
0.0184152 3.97341e+08 7.31709e+06 767581680
0.0229512 4.03237e+08 9.2548e+06 966327864
0.0286557 4.05911e+08 1.16317e+07 1216534392
0.0357673 4.07432e+08 1.45728e+07 1531525848
0.0452075 4.07493e+08 1.84218e+07 1928076600
0.0564097 4.10328e+08 2.31465e+07 2427304368
0.0707707 4.09418e+08 2.89748e+07 3055794984
0.0882654 4.14562e+08 3.65915e+07 3847017624
0.112111 4.0976e+08 4.59385e+07 4843107888
0.139419 4.1185e+08 5.74197e+07 6097111392
0.173944 4.1611e+08 7.23796e+07 7675808304
0.21883 4.14465e+08 9.06976e+07 9663269832
0.270758 4.17532e+08 1.1305e+08 12165335736
0.340517 4.17026e+08 1.42004e+08 15315249984
0.425032 4.17025e+08 1.77249e+08 19280757192
0.525829 4.17976e+08 2.19784e+08 24273034872
0.654294 4.19162e+08 2.74256e+08 30557940096
0.814454 4.17118e+08 3.39723e+08 38470167120
1.01165 4.1243e+08 4.17237e+08 48431070696
